1.056677202783558398e-03 9.978778502507325010e-01 -6.510514121223956452e-02
7.043345086177190718e-03 8.619406181060673688e-01 5.069603161480468190e-01
1.096581294917764807e-03 9.993803324853308689e-01 -3.518165077100719046e-02
3.086498603763945109e-03 9.663098085226217160e-01 -2.573632209142230343e-01
2.642737535157429259e-03 9.815388079539708599e-01 1.912448284754857120e-01
6.539354520247366714e-03 9.990389530558135833e-01 -4.334059436143443411e-02
2.858284244543610186e-03 9.841803696112890742e-01 1.771463527227239432e-01
1.096679903559064518e-03 9.944694752895311129e-01 -1.050202838053379967e-01
4.157424194778805773e-03 9.547604393415243251e-01 2.973469678548014139e-01
1.584987717469599731e-03 9.976945712631188901e-01 6.784563571842117113e-02
1.155203114305781899e-03 9.990665565913537938e-01 4.318195232339570866e-02
1.966078054742215978e-03 9.998568190263965594e-01 1.680702185095128698e-02
4.273893919986690958e-03 9.971746041029027063e-01 -7.499695169125174254e-02
2.978071216456506902e-03 9.987981135996064630e-01 4.892299420208489485e-02
1.526283776270604894e-03 9.927041959449048880e-01 -1.205655415581668582e-01
1.057765460886066948e-03 9.950628401385150923e-01 -9.924124801563892484e-02
1.204762193448401892e-03 9.986984186876969316e-01 5.099036241046792789e-02
1.336850585513287698e-03 9.996508653084614782e-01 -2.638863995275668450e-02
1.398905753949128156e-03 9.999890140603908684e-01 -4.473792710783823165e-03
2.512350420132496934e-03 9.983235094773287299e-01 5.782610587127783031e-02
1.089654075756037004e-02 9.415779397750158042e-01 -3.366188478510310222e-01
3.533839983847140986e-02 1.623025240325806640e-01 -9.861080509708405328e-01
1.266926968085705166e-03 9.953037011855213612e-01 -9.679327095650730461e-02
2.773817307450017738e-03 9.833763751443922452e-01 -1.815577339179476890e-01
1.142513245067700240e-03 9.992240617041522333e-01 -3.936964788947659721e-02
1.999752281036427937e-02 9.919262105707196131e-01 -1.252297563052064966e-01
1.366198978507683409e-03 9.986307075377398590e-01 -5.229573082981089222e-02
1.173455961301808235e-03 9.983827419765807232e-01 5.683769457350414805e-02
1.714330736192835013e-03 9.981131930064772728e-01 -6.137682800977654202e-02
1.188962118310452152e-03 9.987321028257403199e-01 -5.032666444695010899e-02
2.170462937038645634e-03 9.931164406141901324e-01 -1.171111628856991299e-01
3.698386084472925304e-03 9.641464444844791704e-01 -2.653449745676506044e-01
1.749055535996230483e-03 9.987479113244591700e-01 4.999550409549300550e-02
9.821731210322438496e-03 8.851798733613873704e-01 -4.651452734275069445e-01
1.633644218455268700e-03 9.929446927796345967e-01 1.185671467453129485e-01
1.045396659900124214e-03 9.954884799072289958e-01 9.487672800965474273e-02
1.001904059811055707e-03 9.999832608973228121e-01 -5.698606269235701599e-03
3.937695578727339225e-03 9.729902954335069021e-01 2.308124336896650586e-01
2.772973805436688456e-03 9.999960269917415046e-01 -5.065737919327589159e-04
2.889392868943773882e-03 9.754853364560875928e-01 2.200454720461261504e-01
2.256168915869498099e-03 9.799496158572239546e-01 1.992326782510893957e-01
1.166976788598039208e-03 9.987887791332314968e-01 -4.918956030219923115e-02
1.069712709810842488e-03 9.984162965746403717e-01 5.624726170133186043e-02
3.048402247223656880e-03 9.832869920922604479e-01 -1.820368051408671473e-01
1.362142523829013366e-03 9.999438359448924452e-01 1.051044830437736395e-02
1.223447972101710012e-03 9.933217569968385563e-01 1.153706646066210428e-01
2.946597677634040045e-03 9.963445188168877920e-01 -8.537515672413333034e-02
1.988277765028707150e-03 9.892889894474362622e-01 1.459566446229819958e-01
3.460445322647433871e-03 9.944195951969506675e-01 -1.054404761299071597e-01
2.927932956508712790e-03 9.793184535350610842e-01 -2.023037166596269865e-01
1.761503972179519380e-03 9.998727087278043157e-01 -1.585759896954875431e-02
2.076928502586102097e-03 9.949677430375417631e-01 1.001742316305720137e-01
1.132037703244149780e-03 9.996270012027129725e-01 -2.728693748132487995e-02
1.016533021800439512e-03 9.998458119910229591e-01 -1.753051353006088511e-02
1.710997525537781170e-03 9.966163349541181660e-01 8.217635541984324998e-02
4.684811561293288421e-03 9.209899309582199045e-01 -3.895582108160581258e-01
2.118726006935600561e-03 9.999877629460743877e-01 -4.470453915776308185e-03
1.100751996103531112e-03 9.979466753864277839e-01 6.404077943169370069e-02
2.777644583382617074e-03 9.998306577338292866e-01 -1.819177138451990791e-02
2.499148484529999971e-03 9.955269097039746162e-01 9.444536151715726691e-02
1.874087016233077574e-03 9.967033863824351636e-01 8.111009414149193686e-02
7.143525447163186215e-03 9.027076308842835184e-01 -4.301951919622878373e-01
2.379752642148337278e-03 9.924082941697898175e-01 -1.229638745338239303e-01
1.226980543798161360e-03 9.948346187829787413e-01 -1.015016048625367595e-01
2.283789180057351886e-03 9.999015491347201801e-01 -1.384472263961229049e-02
2.558496171730807907e-03 9.963168903571866242e-01 -8.570943989039332689e-02
2.630844861920215560e-03 9.869324138838899696e-01 -1.611132802739441983e-01
1.545476136532249320e-03 9.975106614100602842e-01 -7.049887854977086865e-02
1.129406545947659376e-03 9.995235972258273982e-01 -3.084320070284437068e-02
2.085656831844087070e-03 9.964153110045912420e-01 -8.457055061428669918e-02
2.137329376857114403e-03 9.832135881988223192e-01 -1.824458051157420158e-01
3.158750820266539253e-03 9.586208911423519385e-01 -2.846682443805392260e-01
1.633337484745416013e-03 9.973557774699217671e-01 7.265525002385336828e-02
1.042386574048950049e-03 9.998694207111156196e-01 -1.612621955228249471e-02
1.197442118779592233e-03 9.942341724651726498e-01 -1.072239545757645574e-01
2.135385478541637801e-03 9.815240972021942456e-01 -1.913266493206729202e-01
1.487783241161492803e-03 9.988882745888676418e-01 -4.711689070707431037e-02
5.086881654417179863e-03 9.888235407691182699e-01 -1.490037880587530283e-01
1.014355929023115152e-03 9.984270448738088444e-01 -5.605717747623726460e-02
2.896125022125534305e-03 9.866779725188271621e-01 1.626597399665716537e-01
1.095058542613629041e-03 9.997929398191469641e-01 2.031940783034899903e-02
3.688795571580096109e-03 9.856617444930407812e-01 -1.686929703045347284e-01
3.577525191669929296e-03 9.372581696693857989e-01 3.486177343473732537e-01
1.527380818607251920e-03 9.887477789178693577e-01 -1.495844136025378524e-01
2.783944015330879797e-03 9.992312026733851660e-01 -3.910566787077768280e-02
1.810838578341294070e-03 9.842364134441302648e-01 -1.768485321236182850e-01
1.851965567654745596e-03 9.880672151670777392e-01 1.540121700889643119e-01
1.238399852820376438e-03 9.930447579112962053e-01 1.177309438962405586e-01
4.953522092015633961e-03 9.996580286136158566e-01 -2.567661284560542045e-02
4.587264492598219778e-03 9.930897004210684775e-01 -1.172680856928579179e-01
1.379765156275648266e-03 9.940507870235645305e-01 1.089088107819810025e-01
1.703460788896569988e-03 9.977703803934625526e-01 6.671855986774408165e-02
5.770792879800875665e-03 8.896732923949723926e-01 -4.565612015366927734e-01
1.215289637692548112e-03 9.999885212928414369e-01 -4.634690243469089845e-03
1.033464604463284978e-03 9.993089485812514106e-01 3.715585063412150252e-02
2.130396074347169159e-03 9.951944386505107154e-01 9.789530474778278257e-02
3.833237073670365570e-03 9.278931369352506620e-01 -3.728265450876552811e-01
2.402140854638439103e-03 9.716855307696468103e-01 -2.362656534755403215e-01
2.456800775247701841e-03 9.982715090837790406e-01 5.871931778848357014e-02
5.928209936680678589e-03 8.604797419103458189e-01 -5.094501644801493478e-01
1.873740226604940365e-03 9.999782989327831162e-01 6.315913319606054552e-03
6.117137302245083917e-03 9.784446981573746704e-01 -2.064183937515007561e-01
1.011573704039239654e-03 9.961647750888948938e-01 -8.749124293740928593e-02
1.308598703296223915e-02 7.400197462533262271e-01 6.724578292343215136e-01
1.342403601580398169e-03 9.999487359767224026e-01 -1.003610338356778278e-02
2.231547160291411178e-03 9.996384050440590974e-01 -2.679700278465935864e-02
1.377881262194615916e-03 9.997066807394283661e-01 2.417961803217256664e-02
1.959179447141180547e-03 9.992463430047960893e-01 3.876735233975983630e-02
7.094361620514863000e-03 7.424489676770624769e-01 6.698650613582273206e-01
1.293255781331386148e-02 1.846342881068496061e-02 9.997458930873175387e-01
4.333412331006367309e-03 9.996694049595800102e-01 -2.534368413093826197e-02
6.294565171022674550e-03 9.845127725799783791e-01 -1.751998261305974525e-01
2.469145937585365096e-03 9.992756534851516825e-01 3.797461876256421481e-02
1.449555786343796658e-03 9.926247409368648134e-01 1.212189030970174386e-01
2.703866446301305890e-03 9.819560005193932462e-01 -1.890901958066517341e-01
1.366069983702267133e-03 9.998622448107005178e-01 1.654162189468245947e-02
3.449669731801453809e-02 7.888521398943443286e-01 -6.136141126622359776e-01
1.176807221844702097e-03 9.998589979666511196e-01 -1.675109876655983196e-02
7.357676520535794649e-03 6.877257502179613402e-01 -7.259333007125113868e-01
3.087885761705806351e-03 9.662824699716334731e-01 -2.574658291638757812e-01
1.048264265781418498e-03 9.958913435172723760e-01 9.055016868781093353e-02
2.456168617189316474e-03 9.960181144741636627e-01 8.911724229943315811e-02
2.326618400575474616e-03 9.856900838911694107e-01 -1.685516103911124386e-01
1.364037878193066679e-03 9.971752561435197615e-01 7.509758941385973052e-02
1.578189002326448953e-03 9.900210333588770339e-01 1.409108328926282072e-01
2.081167675936676942e-03 9.862302274389999068e-01 1.653650725719408299e-01
8.874416911412571704e-03 7.793432929192477543e-01 6.265343378509002914e-01
1.654906747933542399e-03 9.878024785204498892e-01 -1.557033227407561837e-01
2.905773768497128730e-03 9.783373198753156919e-01 2.069967270707208928e-01
2.206313090419308870e-03 9.802852602440998986e-01 1.975751521085191975e-01
5.842700956738161068e-03 9.571956724086354562e-01 2.893826317658166336e-01
5.261157959268703346e-03 9.890663024422571281e-01 1.473776427757243213e-01
3.111501763166061186e-03 9.955834141733528320e-01 -9.382954747683844299e-02
2.604953826527519733e-03 9.689074013782119632e-01 -2.474099063701409584e-01
1.060053505410883754e-03 9.986704673015911471e-01 5.153808326070278417e-02
1.019406998603279322e-03 9.999230425316943949e-01 -1.236405368520572534e-02
2.553231044491951346e-03 9.913359612725237691e-01 -1.313259033820621813e-01
1.369130675244376993e-03 9.913298376476228357e-01 -1.313897959155581607e-01
6.478120108982216886e-03 8.492962696522098343e-01 5.278767662198203814e-01
8.418658578303551618e-03 6.602753268294425659e-01 7.509764436838314294e-01
1.012716915535726535e-03 9.984416644937840202e-01 5.579620961437247589e-02
1.548046603361857843e-02 7.727711236088434799e-01 6.344959776765392023e-01
1.769161786852907915e-03 9.984141831939619127e-01 -5.626712062746591636e-02
5.292730616991397040e-03 9.761410428761858604e-01 -2.170729172771402593e-01
1.851956647000829520e-03 9.897175365677747250e-01 -1.430236626114477494e-01
3.331447852896910616e-03 9.982563059509513836e-01 -5.893427766897690184e-02
1.394697497970505623e-03 9.999953759233094486e-01 -2.702397248394771811e-03
9.516091282862812126e-03 8.685878728960152451e-01 4.954437920336391410e-01
1.607022718585024868e-03 9.878851937735719790e-01 -1.551781601931608301e-01
1.424827238395259517e-03 9.950729927072705649e-01 -9.913480242546914012e-02
4.841842489493481186e-03 9.998352138151701540e-01 1.749576452972965296e-02
4.783438604688865919e-03 9.715897401498968522e-01 2.366231086571451980e-01
2.021739666470933824e-03 9.999529589566008569e-01 -9.486434665328493873e-03
2.320354409610128101e-03 9.997707704405407458e-01 2.128432587941954043e-02
2.173146131830345704e-02 6.059100323934691890e-01 7.952363021353565653e-01
3.113525024196067258e-03 9.744679931020184815e-01 2.245048693940695228e-01
1.080737152093890450e-03 9.995107022785039153e-01 3.126000700479891758e-02
1.316663625225382569e-03 9.984575855912029008e-01 -5.550419959141617010e-02
1.101581919942913211e-03 9.996996734915318816e-01 2.448161224671306993e-02
1.385932929079020624e-03 9.949099093263223947e-01 1.007588780912384019e-01
1.417924543737539029e-03 9.945035975719670462e-01 -1.046928073288868055e-01
3.114192134652267203e-03 9.968081546103223500e-01 7.977345867963953063e-02
1.272598146410148113e-03 9.999650804074925459e-01 8.259446688181720092e-03
1.553450450276277258e-03 9.914869083901274305e-01 -1.301971477517296083e-01
1.653737347491109197e-03 9.999756254018106194e-01 -6.783343942580954099e-03
3.927367614273270455e-03 9.978665712546236355e-01 6.516810382513335553e-02
1.175123692787683697e-03 9.950422454479270762e-01 -9.944621087931802828e-02
1.148441599021936266e-03 9.988656280147536481e-01 4.760397307563112718e-02
4.641993861219802578e-03 9.290945777396164562e-01 -3.698130845546658274e-01
2.289046735299274035e-03 9.938087145268102995e-01 -1.110810478687193625e-01
2.203315701935658864e-03 9.921183802527776541e-01 -1.252847355607315527e-01
1.789043366528649806e-03 9.946086886317313525e-01 -1.036839226789778995e-01
9.992849215924167697e-04 9.957271962412245214e-01 9.233824827900666277e-02
1.612453041913359955e-03 9.965593874807511243e-01 8.286608002782519522e-02
1.719898416604281324e-03 9.895732161508532521e-01 1.440204562772016417e-01
1.245462127731660883e-03 9.960475952789883403e-01 -8.881236829987546044e-02
1.335135876947900375e-02 7.551387373810913850e-01 -6.554290415639970613e-01
3.939198599782499366e-03 9.724010363732670248e-01 -2.332824622096301148e-01
1.224128969725265473e-03 9.970320815073003828e-01 7.697746393253890318e-02
1.077729671331666183e-03 9.998817293429631547e-01 -1.534163696874970943e-02
1.919844588063356885e-03 9.943837687991078367e-01 1.058169860922165556e-01
1.242133667722048742e-03 9.946308490757949095e-01 1.034791339870738819e-01
1.417845232014793922e-03 9.997098822838773602e-01 -2.404456235521922058e-02
1.069394057246976244e-03 9.998161302030791342e-01 1.914581369620601756e-02
1.306430159881501532e-02 9.293777459847791800e-01 3.688988063032819231e-01
2.787442545527095937e-03 9.878720784997971904e-01 -1.552449248270162674e-01
1.396062982176178059e-03 9.999781790327876285e-01 -6.456970374719505669e-03
4.946884639173595478e-03 9.767188550063434782e-01 -2.144663297757113118e-01
1.622081004015596406e-02 2.737405878586945951e-01 -9.616667696663006026e-01
1.342279386090742101e-03 9.988796567411910576e-01 -4.730359008204375326e-02
5.065699725781460869e-03 9.971425916349171414e-01 7.537234661259513413e-02
1.790103642497993097e-03 9.970050967980862433e-01 7.731515044017925331e-02
1.786730023757066455e-03 9.988475033804052883e-01 -4.796324203547295412e-02
2.501313035092701982e-03 9.684134741026741988e-01 2.493372948627815555e-01
4.480654653950764781e-03 9.821832898475282292e-01 1.878720545428679001e-01
2.225531545303122746e-03 9.829959491952768857e-01 1.836137545910369873e-01
1.491620929637548941e-03 9.904630526034492455e-01 -1.377705211373584093e-01
1.014488489925123495e-03 9.994920873216810442e-01 3.185181618766632500e-02
1.006514003865454634e-03 9.975596410279565784e-01 6.981224478366496178e-02
5.115953307057804003e-03 9.151036793977573858e-01 4.031861641654465034e-01
1.584101844085351396e-03 9.919526073700812852e-01 1.265998236690902001e-01
3.549255484830283417e-03 9.659817507543365656e-01 -2.585858851428091132e-01
2.667045538415823043e-03 9.996619466146446920e-01 -2.586270207684150321e-02
1.816564170415373549e-03 9.928310853235673417e-01 1.195120751633157452e-01
4.722845705451270137e-03 9.986230194705795205e-01 -5.224710242592377207e-02
2.700882384048729819e-03 9.718919625276875029e-01 -2.354118060090179820e-01
1.344333984441159957e-03 9.910593156675906457e-01 -1.334152374904204186e-01
1.033836920152646568e-03 9.997335052465180505e-01 2.306186611557241653e-02
1.520107122028026931e-03 9.965581541136113719e-01 -8.288265647292697436e-02
1.276524606123977633e-03 9.999899716653369852e-01 4.292674421413281670e-03
9.318507830291943017e-03 5.689223162207760476e-01 8.223384725998196254e-01
1.818172385470664997e-03 9.974404282263240606e-01 -7.147927244218463261e-02
1.506835958703412956e-02 8.496564547017881885e-01 -5.271212891953276358e-01
1.678078174740513023e-03 9.999402137035238169e-01 -1.080523355557890842e-02
1.633400594532228916e-03 9.927090024797755596e-01 1.205245551665996284e-01
1.506342720242731482e-03 9.929984738116158782e-01 -1.181175767589677378e-01
1.057469230330465755e-03 9.998791006283929139e-01 1.551340985673814975e-02
1.078522964850382260e-03 9.999622805521508617e-01 -8.618251629878257575e-03
8.215251266668926328e-03 9.931703832261294940e-01 1.163834160397801964e-01
5.503541489139594095e-03 9.522390787845804727e-01 3.053038615323607208e-01
2.004590500244404078e-02 9.733417061318772046e-01 -2.284821323362492829e-01
7.446897416348378582e-03 7.219141690425185942e-01 6.919425382605987052e-01
4.983674130565885624e-02 4.152939339923206880e-02 9.978935858596970077e-01
2.626457957928596959e-02 3.404772675472687166e-02 9.990750343004065614e-01
8.100860174819779838e-03 8.750177370366820639e-01 -4.840230737636710412e-01
2.798491919043926638e-03 9.627785164562280285e-01 -2.702770739321480598e-01
8.475835867629738160e-03 9.378015954712718427e-01 -3.470681888878350274e-01
1.032706299735915980e-03 9.969172516565288911e-01 7.845334197656274322e-02
1.980482793081751736e-03 9.996847686046737014e-01 -2.502880555932425477e-02
1.190265169991103038e-02 9.999271927220172440e-01 -1.983970155110217903e-03
2.573190216187302374e-03 9.713324349472506336e-01 2.377113365230115183e-01
1.150137216934426663e-03 9.993882625618828452e-01 3.495393880413511650e-02
4.508702525795189181e-02 6.586995139444370428e-01 -7.510539997115728283e-01
1.742965943780514860e-03 9.865687392588904370e-01 1.633373343324858451e-01
1.880145233246152377e-03 9.858255315225621374e-01 1.677631856283122724e-01
2.294443156269458054e-03 9.813983021681330632e-01 1.919690288356654118e-01
1.702322164551618461e-03 9.968864345613702715e-01 7.883234543489790747e-02
1.811834427075781654e-03 9.916753686192023576e-01 1.287504583680311454e-01
3.332534939510292758e-03 9.665383765315923581e-01 -2.565004111157538902e-01
1.274963471187598538e-03 9.999958610799901670e-01 2.579203566267136011e-03
1.179071713817423425e-03 9.991441165700962745e-01 4.134784290934150064e-02
1.494017712088304816e-03 9.996461135695740019e-01 -2.655965994365154167e-02
3.235279083830327855e-03 9.689367690999091121e-01 -2.472874247823358962e-01
1.709760022177713064e-03 9.987596517604114821e-01 4.976177987259119279e-02
1.011003403840631627e-03 9.999462205707583262e-01 1.032152306463151106e-02
1.375503820542495854e-03 9.963282640034802906e-01 -8.560431260778149365e-02
5.682825739469495908e-03 8.434682447208096123e-01 5.371489789985746111e-01
2.671876747948500122e-03 9.966570458918377895e-01 -8.165533631551179228e-02
3.770415943344785151e-03 9.731769325843575569e-01 2.300270459083351149e-01
2.242050245237153273e-03 9.948354285914183803e-01 1.014763185675695151e-01
1.361626162965562598e-03 9.983940319922380846e-01 5.663482017693959730e-02
3.712139597144122928e-03 9.518277988945796908e-01 -3.066106020200718429e-01
1.604346453970770681e-03 9.972970582301504683e-01 -7.345749599559882326e-02
7.712124400976846234e-03 9.561030188053151191e-01 -2.929292415730926358e-01
2.277217722175333640e-03 9.965599302339024357e-01 -8.284394806891572094e-02
4.752587949735996402e-03 9.335463088014498423e-01 3.584253091384147494e-01
1.100461678741320153e-03 9.999902887488326675e-01 -4.267480769706131008e-03
1.014669252749895393e-03 9.995769879081535247e-01 -2.906571331948742606e-02
1.190872307551823573e-03 9.943845611516931582e-01 1.058202549907223122e-01
1.292739331865561288e-03 9.974454574110372951e-01 7.142050346438473529e-02
4.004394538653854689e-03 9.236983360641913832e-01 -3.830996590661794876e-01
1.891057955747204493e-03 9.980680341257407440e-01 6.210171620967815109e-02
1.470073178491644768e-03 9.970533343876646359e-01 7.669737460493564196e-02
6.449113829260129556e-03 9.549788380031973833e-01 2.966038231326093566e-01
1.020906891599550857e-02 3.863539297331626265e-01 9.222941048774034867e-01
1.133485276878068264e-03 9.999991360328359669e-01 -6.656911511680306147e-04
1.729699773101655734e-03 9.930062567739081913e-01 1.180490666907877823e-01
9.059198922842849958e-03 9.027463761465346348e-01 -4.300777967637662846e-01
2.769332891892380480e-03 9.925293933900429799e-01 -1.219743171824597405e-01
4.255180298483939721e-03 9.250864568422877410e-01 3.797327228559706502e-01
8.680555967302270789e-03 7.608894844220444043e-01 -6.488234277860610577e-01
1.424209159811809467e-03 9.992131509741641882e-01 -3.963648002221088068e-02
1.068931959674100565e-03 9.987114998773212182e-01 5.073654892931737936e-02
2.287192096872530354e-03 9.936703659901197083e-01 -1.123119428439097733e-01
6.370276090513772062e-03 8.847240956999632422e-01 4.660715546677492993e-01
4.267344252088856038e-03 9.819654874639964781e-01 1.890120927417868746e-01
3.309759382746023035e-03 9.508759599593429312e-01 -3.095544447495889306e-01
1.047844260270684377e-03 9.967911341830267835e-01 8.003959542951957773e-02
3.152201026082478066e-03 9.762421820347694235e-01 -2.166593308507233917e-01
2.659949802312502019e-03 9.947938908528763946e-01 -1.018726626178220462e-01
1.836075635304399312e-03 9.844433434163021301e-01 1.756927216181542739e-01
1.118580431457765660e-03 9.976068196484559891e-01 -6.913307579380142953e-02
1.438399263341426934e-03 9.938964440698252467e-01 1.103077035973270975e-01
6.063321571704693991e-03 9.779206011255989761e-01 2.088888078037343943e-01
8.798762262123050598e-03 7.973427221794405773e-01 6.034626460437582107e-01
1.435766700763351205e-03 9.978951721404999420e-01 6.483181312182130507e-02
5.044092188110395336e-03 9.206236699166555626e-01 3.904185132946266235e-01
1.642417774985052226e-03 9.881216543652163731e-01 -1.536648907148281396e-01
1.034800966044762847e-03 9.982587906634676767e-01 -5.897725027560884320e-02
4.992274147829569436e-03 9.921909530414929623e-01 -1.246282066847111403e-01
8.529490423363043222e-03 6.240563429954504304e-01 -7.813327898919015801e-01
4.916944445526844933e-03 9.838590393462512962e-01 -1.788776519132317111e-01
1.383646762469902198e-03 9.968206664265498729e-01 7.966583023207479686e-02
3.168581730321660093e-03 9.829634364076422770e-01 -1.837738903530565793e-01
1.223343585846084214e-01 8.420230680574659621e-01 -5.253869598389214746e-01
1.849078801544737144e-03 9.999083580443359764e-01 -1.341105591166105726e-02
1.076031778546011593e-03 9.973659846858045075e-01 -7.252540759849072927e-02
4.660410091182867927e-03 9.918418415205276784e-01 -1.273893323122090027e-01
2.629719910402422700e-03 9.914482990915287619e-01 -1.304735789411298474e-01
1.537979019289686467e-03 9.931924930555813269e-01 -1.164744880159405138e-01
1.024784576489397997e-02 6.306449582218582872e-01 -7.760038133453530662e-01
1.888852424849178082e-03 9.999891088664751848e-01 -4.267831410688109096e-03
2.203713467956153367e-03 9.914529335724241443e-01 -1.304462500709985817e-01
9.972044649151174875e-03 8.212301260956195170e-01 -5.705099809104906550e-01
6.938268269895925093e-03 9.924047512186073838e-01 1.228196653315284798e-01
1.158951383547502864e-03 9.939284584058873939e-01 1.100221632335352528e-01
1.269261735450499806e-03 9.982612144211766569e-01 -5.893162781566940039e-02
1.882481355422196750e-03 9.997294729343513264e-01 -2.318269204278879808e-02
1.097208765148881791e-02 8.911937825024691673e-01 -4.534900829362308872e-01
1.288236215521968223e-03 9.999842512772479930e-01 -5.462384546577031715e-03
1.150777122881828157e-03 9.996753022358150220e-01 2.545517259311850730e-02
1.403022307603530791e-02 9.720566383206976635e-01 2.343267904809451241e-01
3.163217768079369923e-03 9.855046011994774702e-01 -1.696192060705703497e-01
5.065806931026671511e-03 9.974133766729608164e-01 -7.170002534155830998e-02
1.245162705627025088e-03 9.963184853302372579e-01 8.572004059202496806e-02
1.977704501550193138e-03 9.999499393100694800e-01 -9.808545187383927930e-03
1.044654258864397695e-03 9.988794833852324695e-01 -4.731475847482118080e-02
3.296852890436561580e-03 9.919395779966219129e-01 1.266688768597180603e-01
3.867265553118564344e-03 9.985531836841305964e-01 -5.363379169356249226e-02
1.311332557645594971e-03 9.951202662808384947e-01 9.866071175537219351e-02
1.533974996628151332e-03 9.943366322192382922e-01 -1.062652753612998296e-01
1.008446251350438375e-03 9.999884019499747367e-01 4.709458747449823089e-03
1.127310621005590992e-03 9.954303661852673679e-01 9.548358627025103906e-02
2.486353698591117854e-03 9.926994235602478733e-01 1.205888573145844078e-01
1.247281723582306526e-03 9.986597829754996214e-01 -5.174052720672692174e-02
3.512289480867363325e-03 9.684366737816683113e-01 -2.492349748676958576e-01
1.816592607354840802e-03 9.851878746422273458e-01 1.714688066361626240e-01
1.575671936105894465e-03 9.977307901284491187e-01 -6.731112603136513162e-02
3.533146178138898193e-03 9.861935436813115130e-01 -1.655590869731435044e-01
1.004982560284147170e-03 9.967192281563664880e-01 -8.093065076613806252e-02
2.221811656275180218e-03 9.824717878563556939e-01 1.863980944626310587e-01
1.025848044854330097e-03 9.983178241652769236e-01 -5.796955743919458837e-02
1.435254287224262126e-03 9.995053181770667816e-01 -3.141749482201801336e-02
1.356672667744830089e-03 9.995773666157822257e-01 2.903872567332861990e-02
2.192560546352426056e-03 9.993959992812535553e-01 3.468182952030415128e-02
1.551550196413054505e-03 9.987438884412104256e-01 -5.008231218023857095e-02
3.671140722720712089e-03 9.972906542799649943e-01 7.347022261864526171e-02
2.612885520737644098e-03 9.859979492550716706e-01 -1.667369691881462057e-01
1.356150285783127608e-03 9.907677846899340945e-01 -1.355631132609559919e-01
1.476117031702951343e-03 9.944941188322447001e-01 -1.047820055476414991e-01
1.051986586553592352e-03 9.948946730555070506e-01 1.009132441753684967e-01
6.188550453172379957e-03 8.740382112034770223e-01 4.858177715970407040e-01
1.231716991745250480e-03 9.991364834228663172e-01 4.153035476179403607e-02
5.935255886847597487e-03 9.468124595967133406e-01 3.217311596503820148e-01
1.036468595405039316e-03 9.967045288891225319e-01 -8.111108324244603596e-02
1.038636158520698420e-03 9.994863633283801452e-01 -3.203015384820342981e-02
1.107202832281531900e-02 1.147107858494520322e-01 -9.933372266247851856e-01
1.860185188460588071e-02 2.890485347364469271e-01 -9.571336979091146224e-01
2.625265339826618124e-02 7.619719984964609116e-01 6.470776396205171199e-01
1.020982722324287328e-02 5.555906659055286773e-02 -9.984031998885309900e-01
2.496692504631373589e-03 9.938836630064731281e-01 1.104039443832178224e-01
1.999635495938829107e-03 9.951186390844919405e-01 9.866557456637002621e-02
1.498509830635035229e-03 9.921152658728570328e-01 -1.253198056586331544e-01
4.302908994421716232e-03 9.941398170880808571e-01 1.080162443999178462e-01
1.794763065134706440e-03 9.921767149088797089e-01 -1.248284631731231692e-01
1.928432531180346125e-03 9.914417592053076378e-01 1.305355095437926993e-01
2.158163779388878791e-03 9.778651474473900596e-01 2.092249883183062431e-01
2.073218758940755663e-03 9.993216438038252658e-01 -3.676892695195393967e-02
3.815283611171434684e-03 9.797628093294353802e-01 -2.001256631865550584e-01
1.364770422904271023e-03 9.992059440764486933e-01 3.981982827669248298e-02
1.092947594861727514e-03 9.949914312794678750e-01 -9.995427527620213970e-02
1.992612812067004729e-03 9.993505743660001661e-01 -3.597859097472786566e-02
3.274275590936449182e-03 9.888983484757432052e-01 1.485575158021367748e-01
1.680632343045095848e-03 9.999710162432212668e-01 7.425775947777188239e-03
1.317734435398239907e-03 9.947413038296375465e-01 1.024109468331897976e-01
1.365682173377902753e-03 9.953203600162043863e-01 -9.662047324151699923e-02
3.491152619544803451e-03 9.496717718211969972e-01 -3.132272939246758536e-01
1.543484349663440912e-03 9.990659078421704198e-01 4.318482885878072858e-02
5.386623658195896329e-03 8.728465998179603114e-01 -4.879649551676742414e-01
1.872976002114937937e-03 9.916082900110690934e-01 -1.292651969488266550e-01
3.822985253638548631e-03 9.941639927995494785e-01 1.078115958726518081e-01
1.047546153228167461e-03 9.977752530010930432e-01 6.665918650615007546e-02
1.017820517517602783e-03 9.969695452293809712e-01 -7.778618081970284370e-02
1.614163491931101466e-02 3.782398485517206033e-01 9.255668882310468248e-01
1.747396970937278513e-03 9.851127973016192696e-01 1.719003292504254765e-01
1.664381365466284122e-03 9.999530638782794245e-01 9.544625456863716287e-03
4.353163026837943497e-03 9.992281701877205879e-01 -3.903990106239493135e-02
1.551130532266308242e-03 9.886131917111496969e-01 1.504710974531839329e-01
4.670873974605808249e-03 9.417228512805806417e-01 -3.363573312896367962e-01
2.645108397423101120e-03 9.979997552233998981e-01 -6.316242534608375314e-02
5.950459761010122930e-03 9.763028206393118413e-01 -2.163270543421609571e-01
2.659673120281572448e-03 9.655945903624236770e-01 -2.600384840782542506e-01
1.979568069514419087e-03 9.944364685646734925e-01 1.053194725531757664e-01
1.372303678664865039e-03 9.987340357255335421e-01 -5.028362224424676175e-02
6.041715564443792506e-03 9.999692876414584264e-01 -4.992138506949641251e-03
3.618287646714396424e-03 9.859303477003801275e-01 -1.671174960257404141e-01
9.700388292749053190e-03 9.910612580746526179e-01 1.330544445347719151e-01
2.087529110724976357e-03 9.998358475976830695e-01 -1.799777988627123890e-02
3.354437876435357058e-03 9.806677667159174883e-01 1.956514223586115486e-01
1.201032208538695524e-03 9.998796671505998379e-01 1.546637450858043619e-02
1.404799126558505407e-03 9.954091261067440355e-01 -9.570108778285839335e-02
1.222264216262040860e-03 9.969010738058493581e-01 -7.865592866993732779e-02
1.949106399645108385e-03 9.996384625333383234e-01 -2.681688289541665771e-02
1.323197145294514399e-03 9.940289416101187880e-01 -1.091087182161984553e-01
3.008762273401271135e-03 9.969424088137230910e-01 -7.808188559629845871e-02
1.020131917393694073e-03 9.999987935917491466e-01 1.171386322908387267e-03
2.435447062135240835e-03 9.902554184779880364e-01 -1.392417852966286174e-01
1.621467278534830534e-03 9.980963817391970139e-01 6.165211758721415164e-02
3.173023783295492780e-03 9.796564748431288994e-01 2.006567298099038166e-01
4.389200411273734906e-03 9.010985395693339450e-01 4.335921550325412821e-01
1.674461132887735456e-03 9.977722154008942246e-01 6.669184623255032529e-02
1.610888268546425105e-03 9.999915993937563696e-01 3.769108767773790471e-03
1.220134845373303150e-03 9.997914775316472102e-01 2.038412926874742792e-02
1.519582082153940559e-03 9.997483668686721892e-01 2.238065713330100043e-02
7.451802703476227349e-03 8.727197152461113605e-01 -4.881646948082323800e-01
2.109161341950247653e-03 9.962908200790598912e-01 -8.602414349836751128e-02
3.878991951403356307e-03 9.953114537900893399e-01 -9.664400330956710028e-02
7.688550857107969393e-03 8.673995522664256219e-01 4.975529146871938146e-01
1.197247762178256297e-03 9.985676209652147861e-01 5.349086798386506331e-02
2.244590667011662349e-03 9.851381855889462802e-01 1.717489944868856866e-01
1.003959666140816567e-02 3.714482290060771436e-02 -9.992594601156191692e-01
1.003319245296761548e-03 9.979515981682680614e-01 -6.396562407959308083e-02
6.354294443716547794e-03 8.613123850985300312e-01 5.080360205910642302e-01
1.625192230894333513e-03 9.999556047130663261e-01 -9.281559844043654403e-03
1.373998592533752722e-03 9.956953300109869787e-01 9.267643671494635305e-02
2.835108038971941372e-03 9.996768357532956895e-01 2.526234788545860671e-02
7.981126980480608007e-03 7.960175405663725279e-01 6.052209321584844925e-01
5.346726524858553750e-03 8.910694793130807811e-01 4.538354278283963650e-01
2.295117802750212474e-02 4.634855990497470102e-01 -8.858071702693802729e-01
3.540366455091416894e-03 9.988921189134356560e-01 4.692547898519951882e-02
1.142472318189400454e-03 9.934649705963982669e-01 1.141317088056587742e-01
7.616965790577749813e-03 9.133963979348692641e-01 4.070000025451490644e-01
1.360767149326255233e-02 9.613433838430239797e-01 2.750158715743071247e-01
1.436732863948369686e-03 9.992832771708907158e-01 -3.782681278250481921e-02
1.764820423759443611e-03 9.999278638810213948e-01 -1.188075937006439348e-02
3.017875626146606510e-03 9.838702289622828223e-01 1.788582259456084900e-01
1.570669591449609138e-03 9.886384713926031909e-01 1.503047101042793987e-01
1.267153992511025002e-03 9.957839251061865182e-01 9.172114707566680902e-02
2.882400807279823958e-03 9.838707885972273193e-01 -1.788573820412686921e-01
1.604438474009754322e-03 9.992215689708098258e-01 3.941677156612652388e-02
1.562360955342166537e-03 9.978464949916880933e-01 6.557386263633008250e-02
3.215549537057796944e-03 9.986519877103088305e-01 -5.180605836602640568e-02
8.475713256501909293e-03 6.790657541223418248e-01 7.340285170639141432e-01
1.064687494271705304e-03 9.991954242479219594e-01 4.009202667058452130e-02
1.585084859713278274e-03 9.990916508928422424e-01 4.258357221044814511e-02
1.552991289493182341e-03 9.907246993464207119e-01 1.358755251066166292e-01
1.718198381872372039e-03 9.856439100886663640e-01 1.688287010535985400e-01
1.899193439508883472e-03 9.979048067561240298e-01 -6.467139798475196599e-02
2.720816361291331954e-03 9.913166829896000731e-01 -1.314679853988212910e-01
1.015986652490556176e-02 1.812375366783114672e-01 9.833868681302256887e-01
1.974527476738354749e-03 9.999009038226521762e-01 1.393857151528788037e-02
6.559522633675312665e-03 9.101766289974362323e-01 4.141684158523941672e-01
4.569902122795277237e-03 8.972225796673591880e-01 4.415549326297208976e-01
1.534809959356348745e-03 9.997645730967896771e-01 -2.164353804216265914e-02
2.067365796803967253e-03 9.957898183872225806e-01 -9.164258614314786666e-02
1.173429446549294642e-03 9.999978335122985396e-01 -1.719312084317627717e-03
1.748647601298253902e-03 9.992030075145571510e-01 3.987846543474223016e-02
1.795141450674079316e-03 9.999494812449037928e-01 -9.890016441848448192e-03
4.097653605706410088e-03 9.883232715542303870e-01 1.523165130222939312e-01
1.464655425582062900e-03 9.990145453962917532e-01 4.435981144149295924e-02
1.814764578510008304e-03 9.998107595603922260e-01 -1.936883312944163646e-02
1.110850446376825075e-03 9.998227872289928708e-01 -1.879255567861529488e-02
1.501688639282646289e-03 9.961595902347656351e-01 8.754322197940087036e-02
3.533830498350847959e-03 9.581603816190653600e-01 2.862100542217481114e-01
2.385545935216042395e-03 9.995266353741394383e-01 3.067269711393254272e-02
4.897257742893916001e-03 9.247401360525550063e-01 -3.805675993041207072e-01
1.180116274971696822e-03 9.947055594445827209e-01 1.027592201975931763e-01
1.099521480444762105e-03 9.994837838365902005e-01 -3.210851756475485014e-02
3.533478845618693177e-03 9.980736562330666528e-01 6.193941605154262842e-02
2.748120015963076944e-03 9.916377134179303887e-01 1.290236147518604437e-01
1.643456913538020141e-03 9.926983779823351783e-01 -1.206118957674336967e-01
1.429195020131578337e-03 9.992316698011263210e-01 3.916666271265864530e-02
1.128186011855561660e-03 9.979990894962732506e-01 -6.321822965673823402e-02
3.169082918916544134e-03 9.998687727021419169e-01 1.588692193489962129e-02
1.117738210323970544e-03 9.982431744786233185e-01 -5.923947390156293624e-02
1.045046286800456643e-03 9.965740377336208544e-01 8.269882220180597987e-02
3.663355745952254043e-03 9.974684900499733997e-01 7.101542918341544053e-02
4.367713467674851600e-03 9.863785189133877918e-01 -1.644333923061122027e-01
1.016577265168226414e-03 9.998619330055877885e-01 -1.658558099655641979e-02
8.770010656668046287e-03 8.555394627426388121e-01 5.176633216706769680e-01
1.502662646439930976e-03 9.972677441340347393e-01 -7.385654009486447569e-02
1.785643366446395099e-03 9.850082061595056837e-01 1.724982471684879393e-01
1.489663647779562207e-03 9.987534499879763272e-01 -4.989315623741703148e-02
1.480762617961503200e-03 9.999516543590888373e-01 9.720920048564989785e-03
3.215291644011521177e-02 6.372050091124941140e-01 -7.700233544031903632e-01
4.107040551069373463e-03 9.774545719044611669e-01 -2.111058788404016617e-01
5.570880373458910774e-03 8.953183351366131859e-01 -4.453920116706941434e-01
7.708537054652380392e-03 7.121439351956512231e-01 7.019911637766741430e-01
1.668494118180091114e-03 9.922277555689137385e-01 -1.244238610799931477e-01
1.535183899234052012e-02 2.503633976447818266e-01 -9.680302113876995129e-01
1.296255121434768988e-03 9.926954408152097731e-01 -1.206402980241534223e-01
1.373975684455102124e-03 9.920402429243651010e-01 -1.259137347924570716e-01
1.073282291904978760e-03 9.952744049921945502e-01 9.709637909085509777e-02
2.060567877092445675e-03 9.832343253149060658e-01 -1.823348995188948107e-01
1.319890162802239177e-02 9.436173382498472817e-01 3.307750110726127013e-01
1.436390156007106384e-03 9.918727496696152501e-01 1.272257255674204279e-01
7.048454720390147712e-03 9.807951410179689411e-01 1.949133413637890722e-01
1.074804811806158488e-03 9.981883251865220075e-01 -6.015739568783452090e-02
5.526828565510028685e-02 9.495290747780783525e-01 -3.087716838569118938e-01
1.578553735039310135e-03 9.915753739885478923e-01 -1.295213722424878589e-01
5.671942643704341695e-03 9.552536441876600115e-01 2.957335022158325555e-01
9.709222560778368177e-03 7.140599712082931205e-01 -7.000172058708820089e-01
9.387402891756048764e-03 7.079935149714546849e-01 -7.061565403119285378e-01
1.026320598199410633e-03 9.963631027940114127e-01 -8.520278197758519856e-02
4.081602128489082368e-03 9.916354061590531010e-01 -1.290060532526851045e-01
2.568579579748311078e-03 9.944245986579940411e-01 -1.054187838235193658e-01
1.004231191644257932e-03 9.967133500040291638e-01 8.100302119957841773e-02
1.016538711443582422e-03 9.957397717258062997e-01 9.220235166462542598e-02
2.811273444532478086e-03 9.958889486838268246e-01 -9.053893433789850231e-02
1.060802675056852227e-03 9.999167079682280690e-01 -1.286280776758960166e-02
1.157348525918468381e-03 9.975761094946797858e-01 -6.957417847052368987e-02
3.086518477701327614e-03 9.738216700393351744e-01 -2.272923851902807768e-01
5.591274776203235611e-03 9.789549838915513336e-01 2.039996989220070611e-01
1.368323104882490778e-03 9.985138245958790071e-01 -5.448182984069813162e-02
2.117760676456468399e-02 5.422165143901596096e-01 -8.399718807759645189e-01
1.687851292022030016e-03 9.913826283509750148e-01 -1.309871572404279483e-01
1.250401446733826524e-03 9.954895224563182765e-01 -9.486330784825897089e-02
1.224708718558991088e-03 9.948770950139068647e-01 -1.010844493739990885e-01
4.317258287679877349e-03 9.643228574894922023e-01 2.646937623068930101e-01
1.993687965169055418e-03 9.880069440595415919e-01 1.543965792963804817e-01
1.173582208645086288e-03 9.960266420422443367e-01 8.904802663086108794e-02
1.051747241233507140e-03 9.997297995436529305e-01 -2.322114838133838149e-02
1.121628722277422281e-03 9.949059433124902707e-01 -1.008013189918327002e-01
1.265474692694724002e-03 9.998042825181402415e-01 1.974323256685361558e-02
1.198691273714006141e-02 7.423625722305861041e-01 6.698911294189677790e-01
1.044766422748734380e-03 9.949066983431765765e-01 1.007946925934170568e-01
2.117583409595840457e-03 9.999343809322996934e-01 1.125831559523666862e-02
1.006372440186722094e-03 9.995376206584148937e-01 -3.038967099240052691e-02
7.474885910388025072e-03 8.367449689948459612e-01 -5.475417636513593145e-01
4.653783240240018729e-03 9.456485531550367085e-01 3.251571254291355517e-01
1.129049113560802930e-03 9.949846824791446220e-01 -1.000210321881099124e-01
1.227426252019744694e-03 9.982050262885452385e-01 -5.987669761335077945e-02
1.085344348125860843e-03 9.992412669438226480e-01 3.893215206163493092e-02
2.372571973321022706e-03 9.995452617500616421e-01 -3.006061568285060479e-02
1.592692331836878007e-03 9.997571651945732496e-01 -2.197894386104224870e-02
6.402907017087705599e-03 9.251631339546703137e-01 3.795157155545778593e-01
1.002930315760549619e-03 9.955744709456545438e-01 9.397056417869152634e-02
4.638384089961591732e-03 9.320494991924674899e-01 3.623012785626135157e-01
1.026628119006657309e-03 9.978531860915081930e-01 -6.548255524741809774e-02
1.971380595088718327e-03 9.884589330915471983e-01 -1.514762398862263548e-01
8.066672262851959374e-03 9.308712692117590004e-01 3.652582770515852562e-01
4.597969236627480125e-03 9.400964403586125062e-01 -3.408776048730170483e-01
1.044816911965560638e-03 9.995922144221397465e-01 2.853617395979086979e-02
4.162103561297556507e-03 9.638351142847059183e-01 -2.664667884854182711e-01
5.329919068761451197e-03 9.279441812734353645e-01 -3.726810813597788985e-01
1.874156458075147995e-03 9.974713124746478199e-01 7.104553700039151209e-02
2.061999069201233842e-03 9.885110095285193355e-01 1.511348146548180393e-01
1.954135576540254413e-03 9.944672315320308709e-01 1.050290757988782825e-01
1.786383653453632678e-03 9.938293607031912780e-01 -1.109054130226691248e-01
2.205568808651735616e-03 9.941750769465681481e-01 1.077545908280273523e-01
1.428720401276339707e-03 9.959098439411868675e-01 -9.034125026285391713e-02
1.585765072865881996e-03 9.986171949413902293e-01 5.254696296193532568e-02
1.639666321859124549e-03 9.997159973613611861e-01 -2.377469482731533329e-02
1.833190076333476165e-03 9.883255471321317209e-01 -1.523458312528322423e-01
2.706127280373342176e-03 9.839662535782340846e-01 -1.783342050599294182e-01
1.182484582198391632e-03 9.963335398938387710e-01 -8.554577144912105247e-02
1.595651227811557609e-03 9.975225912920965277e-01 -7.032875485219476641e-02
4.743717238558070592e-01 1.401053502557926544e-01 8.691041125410531309e-01
2.260792076714298292e-03 9.904660938362279676e-01 1.377381783674751781e-01
2.123458819285849609e-03 9.933729440516153586e-01 1.149159908318643647e-01
9.235509133645567956e-03 9.581233848911051565e-01 2.862067167203691254e-01
2.665245071650182863e-03 9.999944590767118058e-01 -1.994563757482313831e-03
1.919244055037481371e-03 9.953360238464959986e-01 -9.644955228358920163e-02
1.093373279761444480e-02 3.647439876079697774e-01 -9.310436493478421172e-01
1.634111401971440232e-03 9.915816070895259182e-01 1.294729553292075785e-01
2.517242251302819530e-03 9.964288576961811694e-01 8.439902275341723548e-02
1.574847699185781200e-03 9.988966270505662548e-01 -4.693664156846318047e-02
2.519968297613315970e-03 9.762700934895145455e-01 2.165418073207886207e-01
1.977243043836427600e-03 9.989109359399489518e-01 4.661579742448746649e-02
1.443606684220352524e-03 9.998315846773956350e-01 -1.829530762870833216e-02
1.886488337270934238e-03 9.925509380811297078e-01 1.218157480624841998e-01
3.302847186597927028e-03 9.849858667594545425e-01 1.726033994004400607e-01
1.338502488065326963e-03 9.992340543882914927e-01 -3.910898824856641476e-02
6.056086641491315384e-03 9.582772181665561995e-01 2.857763058015079238e-01
2.056406101331347339e-02 5.174924471165858186e-01 -8.554406388358739566e-01
1.553602951355274571e-03 9.908634784076554292e-01 1.348597548409135038e-01
4.191939620534866975e-03 9.804969698422035806e-01 1.964894902341463578e-01
3.052412007636976995e-03 9.714389733598931542e-01 2.372698965701554308e-01
1.183963703074078673e-03 9.980511420276169110e-01 -6.239003227535213497e-02
1.063392182993038934e-03 9.968240432968914488e-01 -7.962848675130197729e-02
1.306653354323833579e-03 9.928102738744590816e-01 1.196914898659595800e-01
1.284764866153303682e-03 9.941314107219324514e-01 -1.081715655579561092e-01
2.406045782023369124e-03 9.993622367625901726e-01 3.562766729056729420e-02
1.072040210640203646e-03 9.999411550098711299e-01 1.079524188295934682e-02
2.621091203626548221e-03 9.662717221208001472e-01 -2.575113374409084277e-01
2.392782537451640032e-03 9.896035470051015581e-01 1.438022751789776177e-01
1.194328156659825446e-02 8.199176988576067915e-01 -5.723568162654024682e-01
2.873082427872149496e-03 9.825845226194661608e-01 -1.857939754298789936e-01
1.784289696692793747e-02 2.686347727410147712e-01 -9.630768348902443154e-01
1.258540290718757710e-03 9.961897997401747418e-01 -8.720263166881546402e-02
1.137418732668479555e-03 9.938554039541954710e-01 1.106803609935815280e-01
1.335506520524322623e-03 9.970729934776884074e-01 -7.644384932599274096e-02
1.013259515077477059e-03 9.981081146283669048e-01 -6.147491210373533244e-02
2.733050741060586049e-03 9.986206626087966720e-01 5.243379296231218123e-02
2.424903850907501098e-03 9.927221561067258726e-01 -1.204028264457568803e-01
3.490611703065739108e-03 9.999592939543949788e-01 -8.320220199366391151e-03
2.342808775504029960e-03 9.974664945905754587e-01 7.109925046180806674e-02
1.452285177281419787e-03 9.997722167175731034e-01 -2.129332166182624705e-02
4.433539155064379102e-03 9.994987314905768860e-01 3.134692136858270584e-02
1.456312968986790300e-03 9.947890084420083490e-01 -1.019446312245138736e-01
1.045052199677343110e-03 9.971566776204745519e-01 7.534897572493468032e-02
1.254989849981242482e-03 9.934654950395370721e-01 1.141259618418359323e-01
4.695066594600600003e-03 8.894011150481072603e-01 -4.571035034878376813e-01
1.956840298400206596e-02 7.778504977857575442e-01 -6.281446335829868888e-01
2.774910944863977647e-03 9.824566223473220061e-01 1.864706011014592990e-01
1.058844379372289200e-03 9.958304473112017385e-01 -9.121731774477895294e-02
1.522228316235701290e-03 9.994926987691684639e-01 -3.181238639394471518e-02
1.054733580863846361e-03 9.997602235715409291e-01 -2.187196610403179323e-02
6.637161979915023186e-03 7.513288787436127603e-01 6.598945855564493090e-01
1.109163116620282908e-03 9.997707074925051840e-01 2.138462525077686888e-02
3.089615399339663317e-03 9.986360021954275856e-01 -5.212091131031978269e-02
1.539924459650560476e-03 9.992880962191651451e-01 3.769521703525763323e-02
1.564085030097364312e-02 7.649168435120413667e-01 6.439391169306595275e-01
1.550949056329400597e-03 9.906967884605432095e-01 -1.360789031811705518e-01
2.437447249092716643e-03 9.963935988240679720e-01 -8.481659668561433718e-02
1.491187439180495294e-03 9.912910924368452115e-01 1.316804708959811443e-01
1.453279536963848848e-03 9.993913874190963886e-01 3.485315955722045195e-02
1.022253289405525246e-03 9.960823627593824448e-01 -8.842444004854205231e-02
3.937660268558093243e-03 9.612660683372113990e-01 2.755939779732660688e-01
2.387786419397529107e-03 9.726965796750010051e-01 2.320682278222720440e-01
1.480400703783599746e-03 9.999851412828270059e-01 5.246487140988410382e-03
1.068073157765328692e-03 9.982448231235852010e-01 -5.921260276910431108e-02
7.414459985197370713e-03 9.947830588426989085e-01 1.017432632791540476e-01
2.560560709443053268e-03 9.750609614363326960e-01 2.219224301680834954e-01
1.879180568318607712e-03 9.994880338533461694e-01 3.193961277729917558e-02
3.372059265750497470e-02 9.701673076667506335e-01 2.400798133235594323e-01
9.584786983408644101e-03 8.356161174239872258e-01 -5.492302214552143846e-01
4.991019536328035987e-03 9.995566178173185268e-01 -2.935400316125531470e-02
1.113299619337457073e-03 9.996160088781003150e-01 2.768745850696816349e-02
1.431647760281761026e-03 9.942750489792396840e-01 -1.068413654069476776e-01
1.274803366330331004e-03 9.983341792793537506e-01 5.768224474651119371e-02
1.018406746797188671e-03 9.991000997164564135e-01 -4.240228288978008936e-02
1.154040422747071781e-03 9.982295162297025737e-01 -5.946848844990663963e-02
3.646629262487888386e-03 9.503360498988550065e-01 3.112042646842468341e-01
2.502748940863291742e-03 9.965395824975441519e-01 8.308186783744965498e-02
5.087619009198279980e-03 9.618164795029974234e-01 2.736479049605116121e-01
1.399097145179014397e-03 9.908912531262418222e-01 -1.346572203971426740e-01
6.315059456119705844e-03 9.401196178398628645e-01 3.407861854252546285e-01
7.754113355842630513e-03 7.343603311884089324e-01 -6.787155351860711949e-01
1.131374989041255240e-03 9.961522690463132657e-01 8.763205386452919965e-02
9.508131481688301620e-03 8.093422932096382416e-01 -5.872602896994575383e-01
1.962049567614575132e-03 9.818768016636689744e-01 -1.895101493752200383e-01
3.073706736352333543e-03 9.683485900482412534e-01 2.495827727998911061e-01
1.034613489032718599e-03 9.993387236215759417e-01 -3.634618336672735400e-02
1.325483150409788270e-03 9.916466002515397227e-01 1.289777628274779431e-01
5.145814796418388126e-03 9.082822347971747368e-01 -4.183263110801550555e-01
1.658231695385132751e-03 9.870609500647316015e-01 -1.603369300097574057e-01
1.730404435108162881e-03 9.945048279269923519e-01 1.046764201259977600e-01
3.862844391955667402e-03 9.831031893268151745e-01 1.830114684074400921e-01
1.742967808964002770e-03 9.997810012939397639e-01 2.085453223892556537e-02
3.480649994598881275e-02 6.653668708930652320e-01 7.457046564689542301e-01
7.548946516751685668e-03 9.922510709669888351e-01 1.240194564225744478e-01
2.076634138354596822e-03 9.903683216198412298e-01 -1.384423169502529694e-01
1.271002116817196350e-03 9.931568555301462098e-01 -1.167811837030741512e-01
1.074969796173846958e-03 9.979805100452385780e-01 -6.351177851220031478e-02
2.743640955109805362e-03 9.990861586240981085e-01 -4.265348848632447704e-02
1.481426729887098340e-03 9.995382225770916840e-01 3.035040332964400803e-02
8.051009161117828744e-03 8.013897675738080872e-01 -5.980883059210282404e-01
2.630475810004515025e-03 9.678427978089301220e-01 2.515420428604244751e-01
5.365280914659587702e-03 9.947592177920632217e-01 1.021044189956025194e-01
5.920494130590786552e-03 9.616963449866948732e-01 2.740530747656036992e-01
2.262089009826251471e-03 9.930075255837542691e-01 1.180293907776421430e-01
2.920498654500904966e-03 9.876995229239780016e-01 1.563365699487970772e-01
2.599379069247975162e-03 9.970382773650189323e-01 7.686297351423279633e-02
7.420855539656430293e-03 9.383515410016586289e-01 -3.456028304323794931e-01
1.453664667756785758e-03 9.905567952910648843e-01 -1.370953032081307921e-01
1.292918893410860371e-03 9.917535290504345680e-01 -1.281532909321642655e-01
1.439951287080161371e-03 9.984953301755299382e-01 5.481789997756532362e-02
3.408679350618833408e-03 9.952543109473532823e-01 9.724832875578692803e-02
1.332097254831217511e-03 9.926400756034468031e-01 1.210946151688301192e-01
4.622680815655381449e-03 9.517772809500220088e-01 -3.067550134707813791e-01
2.930707664815754808e-03 9.957645744070632299e-01 9.189299923554404559e-02
1.976804867900412103e-03 9.931708784917990807e-01 -1.166520396664473685e-01
6.569225400243092726e-03 8.081518757724254209e-01 5.889375102361463776e-01
1.244912987940975484e-03 9.998255254448414897e-01 -1.863783411770476156e-02
7.768669091372439744e-03 7.355604347855602132e-01 6.774145662433208592e-01
1.976266203942930039e-02 7.141023741563122806e-01 -6.997622713560895935e-01
1.130018163349684685e-03 9.995653213615073307e-01 2.945999644292529931e-02
2.979121250409248051e-02 9.855895055568043572e-01 -1.665106909295309967e-01
1.415741494376830580e-03 9.989366151618777057e-01 4.608290968408502997e-02
2.411552836500198069e-03 9.856470506802101905e-01 -1.688018835745619117e-01
1.153735257890902777e-03 9.961276844653970119e-01 -8.791077941049715849e-02
1.726705095178338555e-03 9.998024665829660096e-01 -1.980015919459563595e-02
2.965445888440667969e-03 9.977162181593165480e-01 -6.748002780492869113e-02
3.102456082444164740e-03 9.684129127222578237e-01 -2.493327199527757831e-01
8.723644172951176834e-03 8.958267285020840021e-01 -4.443178710490915950e-01
1.166118920975808696e-03 9.998726796679899831e-01 1.591428981183972552e-02
1.863032644672689073e-03 9.926463426643833410e-01 -1.210362239347740620e-01
1.032793571330965342e-03 9.993945091338846121e-01 3.477856308821218601e-02
2.064341468708809531e-03 9.850644675558447583e-01 -1.721735556153165536e-01
1.072092348454859118e-03 9.999764504473431792e-01 6.778581616291756880e-03
3.900654313286151722e-03 9.603591671733129331e-01 2.787383269701330102e-01
1.659108591943834511e-03 9.961058210587376838e-01 -8.815010273152212861e-02
6.132269663882176751e-03 9.999799367265896910e-01 1.587895794842576281e-03
1.054648865576216865e-03 9.998239502322939787e-01 -1.873382656217564834e-02
2.292812843820692115e-03 9.895437739936524535e-01 1.442146398936754448e-01
1.772566904007910355e-03 9.901907296642400436e-01 -1.397110478579654258e-01
1.913325803141806324e-03 9.857340899930453482e-01 1.682992662192973610e-01
6.334371363934485077e-03 8.363782543193930552e-01 5.481161295209879825e-01
1.070308543262038503e-03 9.954751004572203188e-01 9.501672910234972014e-02
1.064625948031683788e-03 9.984561889119127898e-01 5.553472242740997017e-02
2.538352478930980174e-03 9.963496938412121917e-01 -8.532786385006567442e-02
2.373889850012521428e-03 9.787935459029778462e-01 2.048354440658531339e-01
7.193838696158270929e-03 9.601996245208049841e-01 -2.792220080060288656e-01
8.021581754210325987e-03 7.818801663454636452e-01 -6.233771408238761857e-01
1.009803288384394752e-02 8.971886051769067949e-01 -4.415321465902490305e-01
1.822419621051288123e-03 9.880540541394130516e-01 1.540969334068479635e-01
2.602771633096109209e-03 9.997788698470053692e-01 2.086712695295166176e-02
1.616495620308519522e-03 9.993325851859929942e-01 -3.649343951163989269e-02
6.643087592437780034e-03 9.903156386314141413e-01 -1.386751789949940417e-01
1.282182313314243023e-03 9.998459468746170309e-01 1.750538565458175863e-02
1.397412561950181660e-02 2.894993068130786718e-01 -9.570762117866671304e-01
2.868592532460196264e-03 9.876848748251116916e-01 1.564300457667456290e-01
1.978072012213872265e-03 9.991653046480056810e-01 4.080173058550960741e-02
1.386668493662572815e-03 9.906751786995962039e-01 1.362379075698525455e-01
1.174690242486683446e-03 9.950817070519719643e-01 9.905057492699219368e-02
1.050691759490123001e-03 9.972815013848993493e-01 7.367837567636584262e-02
1.110324272697468329e-03 9.954138962230186793e-01 -9.565533119548982888e-02
1.704244958926898115e-03 9.946642478919726083e-01 1.031510034590872593e-01
1.057334233321454223e-03 9.983706723581841080e-01 -5.705157858803090731e-02
3.120560255108584518e-03 9.558614776682547998e-01 -2.938011191495956687e-01
2.419826955113272247e-03 9.952461443632795168e-01 -9.736147373336934141e-02
2.957367039776689129e-03 9.988469859914991256e-01 4.791609913056540937e-02
2.121908873620489359e-03 9.874497384493646779e-01 -1.579193197142554073e-01
1.031833041609177704e-03 9.974273778268019086e-01 -7.167678342479029407e-02
1.626751712372652686e-03 9.953595090587327165e-01 9.621227263309536926e-02
3.060114076101737388e-03 9.760466986897445851e-01 2.175396002540509466e-01
3.504818861006035822e-03 9.858589528306643812e-01 1.675405663365666653e-01
2.426368895586746705e-02 9.788632928730701677e-01 -2.030712369193211353e-01
1.084596893633437385e-03 9.999190727774522891e-01 1.267562801041845731e-02
1.618745455082929016e-03 9.990052186545030910e-01 -4.456402993693748399e-02
4.348217563862667202e-03 9.622140772517742136e-01 -2.722593663081841475e-01
1.653425295442460244e-03 9.992740455944442157e-01 -3.806110857693122129e-02
4.846619567448651363e-03 9.943504989399827299e-01 1.060358219498289400e-01
1.453873596644119802e-03 9.957092928888011674e-01 9.252507933770484638e-02
4.741440220058867373e-03 9.976291417238594139e-01 6.865576689510588526e-02
4.168916257135355484e-03 9.103992526546121900e-01 -4.137098269356973557e-01
2.526398783242226730e-03 9.997258104094358666e-01 -2.327920338810478273e-02
2.579540257737698329e-03 9.950063077298295644e-01 9.977872293184632257e-02
1.169016046808579517e-03 9.945981549802945798e-01 1.037937546833921088e-01
2.686842572311188941e-03 9.880490253070158824e-01 1.541165288567314107e-01
1.608210784859532725e-03 9.979354944131695326e-01 6.420407034148560566e-02
1.421736807941559192e-03 9.982053811656380615e-01 -5.986648207813977107e-02
7.840513916780611839e-03 9.887011665698561824e-01 1.496947880352765270e-01
1.027275356610559201e-02 9.070274336303992824e-01 -4.209462022349432231e-01
1.395101875733417577e-03 9.968200947026230052e-01 -7.967278385879353331e-02
1.836162381198515802e-03 9.972319012383971115e-01 -7.433144462582137735e-02
1.951535150472623629e-03 9.868937288179606693e-01 -1.613597209043750313e-01
5.720007883208473413e-03 9.962388715725356558e-01 8.646035089968540088e-02
1.012276733865233661e-03 9.979675867049624394e-01 6.371554898207608397e-02
6.348075687863182111e-03 9.474280596671473820e-01 3.199058825504859649e-01
2.329091734584818468e-03 9.995659878164886436e-01 2.936684069046437834e-02
9.482649509923170641e-03 8.260129895268059075e-01 5.635713091448685264e-01
4.280946604342872504e-03 9.984067455867920993e-01 5.626405480376809459e-02
2.343272231009948126e-03 9.961828049907198723e-01 -8.726011755706539197e-02
1.610429329106467366e-03 9.946712779273855221e-01 -1.030847000465054397e-01
8.085824381253022344e-03 6.898258224529596472e-01 7.239302135711518371e-01
1.874132945704065981e-03 9.885141426318404534e-01 -1.511167675757373041e-01
3.167011331166328259e-03 9.990207437827178794e-01 -4.413075493409801542e-02
2.502544381610528976e-03 9.793113371768475961e-01 2.023438710426209708e-01
1.767502871609560140e-03 9.878702019434083548e-01 -1.552718263107911445e-01
1.127787864967923779e-03 9.994492659767604259e-01 3.316463226158955502e-02
1.030763844923307179e-03 9.975926463454209969e-01 -6.933865792929377880e-02
4.444922434239851131e-03 9.328568253071567451e-01 -3.602199135839193600e-01
2.608241854374223137e-03 9.832934339020668046e-01 1.820088457177589381e-01
2.481623670905491828e-03 9.721098692735888891e-01 2.345127791930361194e-01
8.581979879908880129e-03 9.987070270783678927e-01 -5.010612423276199212e-02
1.487168792114041327e-03 9.975011381063164650e-01 -7.063474927814858417e-02
6.142607102063568116e-03 9.769578145496877752e-01 2.133440811653501690e-01
1.900112146586971536e-03 9.989318851904001040e-01 4.616793610054170660e-02
2.602086417979906311e-03 9.835377425435368748e-01 -1.806840837999755811e-01
1.043140368857635751e-03 9.998134854490487999e-01 1.928486900125436082e-02
2.789357022922702919e-03 9.638976199403477274e-01 -2.662585167853444568e-01
1.004432443591302560e-03 9.951697680115322298e-01 -9.816376088628343821e-02
1.357999110083728429e-02 8.519606904247863932e-01 5.234296187766053210e-01
7.112242093777270194e-03 9.056168302751066435e-01 -4.240372303641134488e-01
1.311050413879942273e-03 9.914153447746584247e-01 -1.307436242887483613e-01
3.480601818214487317e-03 9.897868403398003556e-01 -1.425127927630980285e-01
1.593628334002732952e-03 9.980456097342614852e-01 -6.246936240189347039e-02
1.698745314899066444e-03 9.999348188056063069e-01 -1.129036777765227845e-02
4.318528190772862214e-03 9.338602106415111459e-01 3.576121604404107202e-01
2.444589080164979739e-03 9.697609199568769656e-01 2.440446313865981542e-01
1.635406236867379716e-03 9.955155163426967491e-01 9.458425961741427634e-02
5.387541957939735379e-03 9.029055706462967290e-01 -4.298051941141899923e-01
1.563826352672321182e-03 9.966635174612855641e-01 -8.160506974959674809e-02
3.155166066986531386e-03 9.965918621824738644e-01 -8.243000156956709068e-02
1.195949237480852662e-03 9.979254496302012445e-01 6.436898854092730493e-02
2.088489730482870604e-03 9.788490584081749324e-01 -2.045731142258797597e-01
1.149315839581872703e-03 9.981686476655539098e-01 6.048164920552395046e-02
1.440894436565595595e-03 9.995757573257698647e-01 2.909001873214243569e-02
1.463806577446924917e-03 9.952590082872533328e-01 9.724897785260663841e-02
7.165075049250925303e-03 7.138220193448926443e-01 7.002905014334540601e-01
8.483903398822196726e-03 8.847155257267079742e-01 4.660541405472481968e-01
1.651426919761354644e-03 9.999478178239709081e-01 1.008138969623795581e-02
2.324084621325948723e-03 9.994039379826110681e-01 3.444368411657444673e-02
4.621078194469806395e-03 9.155500611418208035e-01 4.021774871614878788e-01
9.964567615087599473e-03 8.935398517177666200e-01 4.488733014832090862e-01
1.590322527663706048e-03 9.999973716056314021e-01 1.651561711419753144e-03
1.072478180102203523e-03 9.968682906765722329e-01 7.907250365406544301e-02
2.149738215534189451e-03 9.869236588396032017e-01 -1.611740371407729688e-01
2.906181673197357103e-03 9.987699851305605891e-01 4.949819098090456337e-02
1.282062834167304721e-03 9.999989385924119567e-01 -6.921914031538697583e-04
1.142887615493840339e-03 9.935239460720687310e-01 -1.136171747108835478e-01
1.399250304400523988e-03 9.949226753414142088e-01 1.006325602877554404e-01
1.127692378039371309e-03 9.981948607293900100e-01 6.004788358746915300e-02
3.124959201011578112e-03 9.676191316928908215e-01 2.523954251009478122e-01
1.846492972611973741e-03 9.832744211600522588e-01 -1.821208476700744983e-01
3.125158537225544274e-03 9.938700657119876603e-01 1.105102975553252653e-01
3.682530746002894272e-03 9.833166218367240807e-01 1.818649504080375456e-01
2.908457348247244986e-03 9.990196526845833702e-01 4.417323200568312735e-02
9.702264679343050938e-03 3.626963506911694557e-01 -9.318568684381739464e-01
1.161969672010810172e-03 9.957360208581366168e-01 -9.224113286428060887e-02
2.003462756436003803e-03 9.984412082135800670e-01 -5.577759297415053191e-02
1.675421711378757405e-03 9.992297252608964842e-01 -3.920649330305291114e-02
1.104261713659793849e-03 9.939434434813706476e-01 1.098872684457258830e-01
1.892152687309986946e-03 9.904355495322946235e-01 1.379631906737065761e-01
1.057512689812544360e-03 9.961069151839115898e-01 -8.814700896628445415e-02
3.006417912892567906e-03 9.722756179735845272e-01 2.338184854655794565e-01
3.451370879789246275e-03 9.809307620464418065e-01 -1.943268589517082034e-01
1.230904898949262581e-03 9.962515270512134480e-01 -8.649496934073727661e-02
1.316494801618151283e-03 9.934572609869638526e-01 1.141969239240582107e-01
2.112950330599958158e-03 9.907564455792197133e-01 -1.356362819607321579e-01
1.630919931571087837e-03 9.940951190470480592e-01 -1.084999280507223524e-01
2.251026477380169838e-03 9.989985054714578538e-01 4.468689903754499010e-02
1.006041158530707712e-03 9.991896142146983184e-01 -4.023807558357592185e-02
1.972853250495483404e-03 9.843864611659762787e-01 1.760096671298988225e-01
1.289253980390327181e-02 9.749022975636459920e-01 -2.222595163823792574e-01
1.355776355688138174e-03 9.931920192166130423e-01 1.164807916993199910e-01
1.082761508423633933e-03 9.942079088228167327e-01 1.074684216952931926e-01
3.949870553994363695e-03 9.882497869470118212e-01 1.527964565092808369e-01
1.292510139653867129e-02 9.799048466144115732e-01 -1.990463095248836134e-01
3.798334201281020929e-03 9.726781312682983849e-01 2.321267447100960613e-01
1.129876862367277905e-02 2.096814419439512953e-02 -9.997162971346579274e-01
1.543477385593101762e-02 8.677989641549768152e-01 -4.966756744270504065e-01
3.918563964757132596e-03 9.996547722159923044e-01 -2.598040111789712281e-02
1.827534217267389859e-03 9.982210383084840766e-01 5.959378152975940840e-02
1.073380871028125141e-03 9.994508488570816862e-01 3.311870426759837976e-02
1.982959385276854974e-03 9.963262068542264593e-01 -8.561633843808870437e-02
1.279374945373908936e-03 9.993761897618550494e-01 3.529298141027368413e-02
1.926967141462085018e-03 9.993438557408341749e-01 3.616828432036338359e-02
8.561632531935576759e-03 8.012483394267192471e-01 -5.982706720325783323e-01
1.020866263405401791e-02 5.229637600898640049e-01 -8.522937808290608208e-01
4.531870540029340165e-03 9.819493951673826659e-01 -1.890895223956623183e-01
1.117291914473699096e-03 9.996207925519056126e-01 2.751404653405132780e-02
2.392238725998867884e-03 9.936716025410358144e-01 1.122988134283150752e-01
2.500423526522381132e-03 9.709078497875268665e-01 2.394403790156306999e-01
7.579233951450116066e-03 9.678235682420445185e-01 2.515155978621322341e-01
2.510060955584857492e-03 9.690176831605336050e-01 -2.469786009276732364e-01
2.755102423858000939e-03 9.980928336302984372e-01 6.166931868016351653e-02
1.476614365031647712e-03 9.998355438223778258e-01 1.807498048205753369e-02
2.319941402957683124e-03 9.887883123481467917e-01 -1.493060321473669017e-01
2.034161548148198315e-03 9.974864046734157608e-01 7.082891131803888130e-02
1.152697273269366780e-02 9.979160004258094130e-01 6.348846346995587475e-02
2.124873710633363132e-03 9.833330018424870644e-01 -1.818012442178467414e-01
1.826153499237975460e-03 9.911761492828551345e-01 -1.325386972027731425e-01
1.329036820746025199e-03 9.998120496673810198e-01 1.934163904739263570e-02
3.454416244985430463e-03 9.534796667578367968e-01 -3.014375425984144874e-01
4.373265234081278111e-03 9.965274584596846008e-01 8.314985921259143709e-02
4.040814665765023184e-03 9.628726903625874911e-01 -2.699256452631906278e-01
2.192301651271509610e-03 9.899720908871918468e-01 -1.412460727875695654e-01
2.242663896496060755e-03 9.976160899465571497e-01 -6.897178798893131846e-02
3.435490275667481275e-03 9.840007415762042076e-01 1.781312380915993088e-01
1.216493431229420143e-03 9.933127273934831969e-01 1.154484549132278048e-01
1.311182902385995067e-03 9.966832833920297174e-01 -8.136776638374303150e-02
3.054384413169668449e-03 9.836967651564113568e-01 -1.798091904121385531e-01
1.765560366233643241e-03 9.918825446832121306e-01 1.271451939687418820e-01
2.003631978219718411e-03 9.947303602480855877e-01 -1.025060771837926488e-01
1.123552931918156460e-03 9.947089589431827861e-01 -1.027269420696381580e-01
3.103565266578098107e-03 9.631356763862463088e-01 2.689982095751637936e-01
1.651542065954499008e-03 9.899166091683831992e-01 1.416417286726444902e-01
2.539100144205630807e-03 9.958772863457139302e-01 -9.067515376967649754e-02
2.054182607027331062e-03 9.954629077581518271e-01 9.512822720676625265e-02
1.684028558874270821e-03 9.961933601513651704e-01 -8.715476600935394280e-02
4.086729274296335528e-03 9.966810154824828905e-01 8.130345638806153741e-02
1.163433842977819235e-03 9.999300810957538754e-01 -1.176772456900889233e-02
2.147514695790526430e-03 9.986282675089095395e-01 5.231607317818576935e-02
1.426159335944827706e-03 9.989524841572188230e-01 -4.573729840808447855e-02
1.477596845450106266e-03 9.978590553095503246e-01 -6.538442050132599326e-02
1.000753769528878612e-03 9.995107208097466778e-01 -3.126207731859047961e-02
1.271748475003979355e-03 9.999503905242798085e-01 -9.879228014211576675e-03
1.292117407027171695e-03 9.966832320246704624e-01 -8.136870057622500041e-02
2.442444057192294515e-03 9.983132510133835291e-01 5.800592485355647587e-02
1.382248287243907896e-03 9.957061621023285403e-01 9.255986247355664498e-02
2.750206713360505047e-03 9.835493092546214733e-01 -1.806189154761780047e-01
1.878415942268472699e-03 9.993206698769733221e-01 -3.680584614140727101e-02
2.551029963639250657e-03 9.781565505661354853e-01 2.078539266665030139e-01
1.897153532877382575e-03 9.888397752996688217e-01 -1.489708011449662195e-01
1.916411933204721207e-03 9.945412010856641283e-01 -1.043270181131763924e-01
1.089531595590054192e-02 6.119673370062292950e-01 7.908079858775612925e-01
1.257161276202171073e-03 9.997504084681668735e-01 -2.230561169883362241e-02
1.230240228437108922e-03 9.982920042222109824e-01 -5.840856799290074924e-02
1.108288083955321322e-02 9.994578626699882618e-01 -3.100242731521563044e-02
1.242533209717266648e-03 9.991249803347317382e-01 4.180585822997073819e-02
1.006121304741198000e-03 9.995498986597720625e-01 -2.998312540679614821e-02
2.046526277579668786e-03 9.931964394640840910e-01 1.164330037663768858e-01
7.425187071553405321e-03 9.252334940767246163e-01 -3.793255172480861637e-01
1.869924361475793547e-03 9.836591323709408252e-01 -1.800311492107135869e-01
1.022799016355916421e-03 9.988746120511127202e-01 4.741796370481600464e-02
1.562175427382381720e-03 9.939547127360727208e-01 1.097797278083961353e-01
1.525559055090198578e-03 9.994114456892748688e-01 -3.427002910478720021e-02
1.631236185262346147e-03 9.986418065797354471e-01 -5.207572581990844302e-02
1.964699307641360176e-03 9.911866980337159516e-01 1.324578030832832820e-01
7.230593672989777190e-03 7.028365939405089025e-01 7.113145863352164922e-01
1.985892151636933084e-02 9.893414409634816442e-01 -1.442537224078070668e-01
8.496939117011482329e-03 5.895990776964890046e-01 8.076513663735679360e-01
1.001592574999532080e-03 9.992196807496540600e-01 3.948450854288453049e-02
5.086961571813453445e-03 9.983214076482812560e-01 5.769306590155543618e-02
2.743818056446284143e-03 9.792868196449640017e-01 -2.024593695834414897e-01
5.319719201912792572e-03 9.271151404022370812e-01 -3.747388651108301549e-01
1.940980279910024331e-03 9.960658745508647050e-01 -8.859461694016124156e-02
2.470650678882610734e-03 9.816575065379353759e-01 1.906369212480789610e-01
1.477079435201440489e-03 9.999724895322432694e-01 -7.269003716439962487e-03
1.397861093917403177e-03 9.969029623792433625e-01 -7.862906322633522738e-02
1.905669923433003701e-03 9.890076382826861190e-01 1.478521553466375649e-01
9.976645408394427782e-04 9.960624205509888140e-01 -8.864907800743945798e-02
1.888452124911442183e-03 9.999215777044859754e-01 1.238031459792516241e-02
3.449905950366029001e-03 9.670468722601684997e-01 2.545750282348191451e-01
3.129191343403143512e-03 9.790549763118133741e-01 2.035720057390283111e-01
1.131436047983861663e-03 9.945035806849670257e-01 1.046964558007978108e-01
1.909661418693209224e-03 9.870403820745323742e-01 1.604607034367824814e-01
7.641518880644182499e-03 9.176221541192610687e-01 -3.973804090021598179e-01
1.953862646550399811e-03 9.935557732165207767e-01 -1.133274367877438321e-01
3.239033535237013234e-03 9.964037798073471786e-01 -8.467004338837355593e-02
1.509668775850441652e-02 9.998559434529381562e-01 7.757729085057169308e-03
1.846153963915580284e-03 9.997288465273890257e-01 -2.321260727617133202e-02
1.925114868576794595e-03 9.913552847731591511e-01 1.311906752977186619e-01
2.597510030181962321e-03 9.870135922640298487e-01 1.606157577191559549e-01
1.332063231904711664e-03 9.985015682159569250e-01 -5.470689058812375910e-02
1.000980586783800641e-03 9.997576744734759657e-01 2.199068823961740360e-02
2.424041626063347041e-03 9.999650191023777834e-01 -8.005285365075770834e-03
3.422292607336445414e-03 9.537474808288479711e-01 -3.005894720810030063e-01
2.241479243544369782e-03 9.891596071634917164e-01 1.468272703790670652e-01
1.167398028336260468e-03 9.985683373678576613e-01 -5.347815243850537886e-02
2.295977728804791951e-03 9.869220321284782882e-01 -1.611819809583682483e-01
1.978849940729093121e-03 9.988212143731139969e-01 -4.850016361962102007e-02
4.591220421354709827e-03 9.196630741096881723e-01 -3.926814877405870874e-01
1.045703133450685005e-03 9.947496069357857351e-01 -1.023334061099134273e-01
1.295936660571991774e-03 9.982487265098338725e-01 5.914220633073007799e-02
1.885576162001470968e-03 9.993111256305952095e-01 -3.706371262367270242e-02
4.556140757657975611e-03 9.759675733730038827e-01 2.178681649663548048e-01
1.775038650643247879e-03 9.996261259256822296e-01 -2.728475040385828360e-02
3.418818687277927829e-03 9.472878601737951820e-01 -3.203654501442623204e-01
2.103181768305514669e-03 9.957424945466547550e-01 -9.215455051409458809e-02
2.058586158729066185e-03 9.974760540954209498e-01 -7.097382425412733509e-02
4.901512195880384191e-03 9.084556454585114293e-01 -4.179525277023135033e-01
1.026715141392918083e-03 9.950458387878466926e-01 -9.941189348870255182e-02
3.608855688895040194e-03 9.995280448613578228e-01 -3.050678115187535622e-02
4.084960072454932138e-03 9.141277430601563170e-01 4.054057010809680728e-01
1.463448100898920301e-03 9.920406951836722165e-01 -1.259091633645149921e-01
3.315796525892877877e-02 3.605661816968859790e-01 -9.321440757503187680e-01
4.525359986927956525e-03 9.751115824118243847e-01 2.216684979046334436e-01
4.682624393726742863e-03 9.820498561692569961e-01 -1.885633925944505684e-01
1.271936492171609010e-03 9.999609066327089790e-01 8.750279072721489984e-03
1.166236138175089825e-03 9.955363513127184483e-01 9.437167534927909385e-02
9.795348902375943662e-03 7.095334800928995156e-01 -7.046036416079182185e-01
1.636380105173780922e-03 9.901471470728508972e-01 1.400212462580064376e-01
1.503526981068345741e-03 9.939287278146786697e-01 1.100155599509064080e-01
1.775813463552467029e-03 9.992363670411474885e-01 -3.903241305571442804e-02
1.459399070527525773e-03 9.999697743325949295e-01 7.636790921074092069e-03
1.255723512340295445e-03 9.997559986634476648e-01 -2.205371385760010114e-02
1.735247685570187300e-03 9.910008255836131319e-01 -1.338445090695425943e-01
1.373426572984432457e-02 2.067872463601289068e-02 9.996918326625909845e-01
1.128759720992609204e-02 4.593142124086313505e-02 -9.988808210652664332e-01
1.351791302301626196e-03 9.956625243250857293e-01 9.302854569901074233e-02
9.555911133888117873e-03 6.342882745861435634e-01 -7.730375600738519370e-01
1.813861329713594914e-03 9.999137508418276532e-01 1.300772018857074101e-02
1.015973743802751688e-03 9.999310618926602334e-01 -1.169783140453294415e-02
1.499757332827576914e-03 9.928898172619311513e-01 -1.190275661580606631e-01
6.680413970132166070e-03 8.332884249711274283e-01 -5.527981303137026181e-01
7.222171298769921449e-03 9.869827886799094063e-01 1.606636707266477504e-01
1.475513870530241771e-03 9.935653353523615783e-01 -1.132508156481308870e-01
3.421640308799237147e-03 9.916928922135386237e-01 -1.285826578926722030e-01
2.767095386976447385e-02 5.502963431253862225e-01 -8.345107866617209602e-01
2.999895494940498994e-03 9.861444895792043086e-01 1.658615274847970444e-01
8.380195088836164125e-03 9.813987890726650898e-01 1.917972605043660739e-01
2.831608617155162693e-03 9.811167311379649369e-01 1.933958165881400904e-01
1.800687996683571863e-03 9.861564585976110298e-01 -1.658077099804374788e-01
2.501686476160915312e-03 9.924801048366156397e-01 -1.223804848342886220e-01
1.133173018338429205e-03 9.957457122439263841e-01 9.213681385171952620e-02
1.431582018176041655e-03 9.975734845735386713e-01 -6.960670548684916303e-02
1.502339383429774364e-03 9.887862942246486986e-01 -1.493298608111036097e-01
1.474111898023592725e-03 9.938100017382519580e-01 1.110833355599643441e-01
3.282689091448039338e-03 9.562778828687747978e-01 -2.924411644901291907e-01
4.571137342328923311e-03 8.910314226061106790e-01 -4.539186145466257982e-01
1.902266061203350444e-03 9.873124058378868195e-01 1.587784452072654728e-01
1.227438469950782899e-03 9.988611837022050022e-01 4.769516839085689852e-02
2.877878868321552628e-03 9.863039225296804657e-01 1.649129777057748714e-01
1.308641935214186619e-03 9.987542530994042433e-01 4.988215484656590565e-02
7.647528544234638050e-03 9.999063220763404480e-01 -1.135175664515416551e-02
1.719291560976727272e-03 9.855492283182127888e-01 1.693805260291274817e-01
2.746186592441422596e-03 9.903295379045917723e-01 -1.387078397671787366e-01
2.827955664344440189e-03 9.668491843180360146e-01 -2.553324449620709147e-01
1.032285444880102999e-03 9.992727202005772247e-01 -3.811777865641099300e-02
3.191270432777385934e-03 9.936455622178496094e-01 -1.125091661945744198e-01
1.423977537924109868e-03 9.999967087888915751e-01 -2.134174162599409164e-03
1.062051363269055949e-03 9.969414390365775036e-01 -7.814498818593350327e-02
1.830113697110016162e-03 9.938243044144692284e-01 -1.109500006261907451e-01
5.472703613300860387e-03 8.602141990477923938e-01 -5.099035019214182007e-01
1.471037077721808065e-03 9.967700146481949242e-01 -8.029554127193629098e-02
4.058991288018635492e-03 9.929043704714990426e-01 1.188462691392536130e-01
2.115161148911841576e-03 9.992925427704643093e-01 3.754916852147364287e-02
2.382275677944849668e-03 9.889540638882691193e-01 -1.482031858006822300e-01
5.178887299938816045e-03 9.985370804947560908e-01 -5.382265325440023507e-02
2.575064745146943019e-03 9.717595380816222983e-01 -2.359592532386690367e-01
1.441702505494387235e-03 9.962228649818931636e-01 -8.682122310330823989e-02
6.001801697234512498e-03 9.658066660464770248e-01 2.591938699054741613e-01
1.961751754502654658e-03 9.986918134458379059e-01 5.109611811397531123e-02
8.067065727660987021e-03 6.730646910848996356e-01 7.395396162920105931e-01
1.499996987242827387e-03 9.997419150353871187e-01 -2.266833320769754204e-02
3.891646627553970068e-03 9.969305980466576234e-01 7.819359158434950607e-02
