4.533083916252500956e+00
5.622647517494227642e+00
6.174004008211327665e+00
5.352813212769278906e+00
6.088609786812357427e+00
5.379125777563602995e+00
5.062108667728184130e+00
6.027835745783992394e+00
5.288099485652626441e+00
5.261366389117275055e+00
5.275587828993870687e+00
6.018662788443149836e+00
4.477033734216146144e+00
6.132556462322721558e+00
4.286749525201543065e+00
4.636353290794343884e+00
5.547726053555959602e+00
5.115932857441139348e+00
5.377411170541085639e+00
6.499564038057336290e+00
4.713317900887087575e+00
-1.326986460174657489e+00
5.244842314300997010e+00
4.253636471775260830e+00
6.095310902282720100e+00
5.448335348348774865e+00
4.761252597467220404e+00
5.132007195036811353e+00
5.783895006947190609e+00
5.546621996160450152e+00
5.803548803419865898e+00
5.030074311681257626e+00
5.169452436575731724e+00
3.095836057298923194e+00
4.923360293637382590e+00
6.383335026585735150e+00
4.972687143915307750e+00
6.963621768258235534e+00
5.882030582601323943e+00
5.315249476737444745e+00
5.105457270684800264e+00
6.052117664629544258e+00
4.734559090041997820e+00
4.758840138072789827e+00
5.800269566675160249e+00
5.551372242423951775e+00
6.095159254041409014e+00
6.246435605287791404e+00
5.256525745928217752e+00
4.186944059567745846e+00
5.704068170476963573e+00
5.580631281107931940e+00
5.191008442823435765e+00
4.690545457278999741e+00
5.559603212531155414e+00
3.696395857366965743e+00
6.033106544682286909e+00
5.267129780592021859e+00
5.854861455490920186e+00
6.125661853270762514e+00
4.929972691483643921e+00
4.118076549642943007e+00
5.406266422435108687e+00
4.286288284680132676e+00
5.048364154806978199e+00
4.352381230720014038e+00
5.128644037141341983e+00
5.948447279036647828e+00
5.049420975005700640e+00
4.729643939625754356e+00
5.000049170742087767e+00
4.612965175946111884e+00
6.508698421938779788e+00
5.865228849581740178e+00
4.828034438885351776e+00
5.629530289971722112e+00
5.758987750708387310e+00
5.033489805213199553e+00
5.642628537044354076e+00
5.476028427143635469e+00
6.095266285981684184e+00
4.547397894830824683e+00
5.380625727510029321e+00
5.025398038055304717e+00
4.995764400653658122e+00
4.246811279311954124e+00
5.951593498058449505e+00
5.916232373468210071e+00
4.515074569585220132e+00
5.929648582556858116e+00
4.942349633441637913e+00
4.764220432244304249e+00
3.640696309272323905e+00
6.519175971238050593e+00
6.398014381730501299e+00
5.425503783291871329e+00
4.570912736471311355e+00
4.200533540942934962e+00
4.914212266933156492e+00
3.887032107946222670e+00
6.309639570067151482e+00
4.021757508614305365e+00
4.583602547062625376e+00
6.574839392398917681e+00
6.255360526054542625e+00
5.259720493607969338e+00
5.499641521735533445e+00
5.976790793944141811e+00
6.532370162845184680e+00
2.614882446643636005e+00
4.680753840453720116e+00
5.449618600848997296e+00
4.673021007415599115e+00
5.606259157838544560e+00
5.809056194423236619e+00
6.292488726367951202e+00
2.982975899566767453e+00
4.901307594041228732e+00
1.204039847968684462e+00
4.140364845081963452e+00
6.482308575019254171e+00
5.457584460377939983e+00
4.516232158835295607e+00
6.743163745612021032e+00
5.779221987836806740e+00
5.086347167494015054e+00
5.901129305521741308e+00
5.390290203382628320e+00
6.763503735243796555e+00
5.668749166751338109e+00
5.923856399549926266e+00
5.925461715219004333e+00
5.249359870021875984e+00
5.327805086798655054e+00
6.177494703735409765e+00
5.671937125733469642e+00
4.576087937688543938e+00
4.205367478171216256e+00
6.003751956633482934e+00
6.232751882378469332e+00
6.617551843356916486e+00
5.802489193587673455e+00
5.444073802532337858e+00
4.239649696721431660e+00
4.881186230630762068e+00
4.477111128398662210e+00
6.481310967877942808e+00
6.142071320320681593e+00
5.554528476269403825e+00
6.122361453608266224e+00
5.476953237572431910e+00
5.504083610278995842e+00
6.371020909299074830e+00
5.454572257098220689e+00
5.518346336265098628e+00
6.262194397488512365e+00
6.197816343407277273e+00
4.562687139971713712e+00
5.004644869146448016e+00
6.684809486154023261e+00
5.355383152142941583e+00
6.752163548032464213e+00
5.277322815273394419e+00
5.703250318677600461e+00
4.818913660068144367e+00
5.714464497180589575e+00
5.708917995098585330e+00
5.858563992986352886e+00
4.793172839038973621e+00
4.366558690869283055e+00
4.699732632646530739e+00
4.429285162533783016e+00
6.309287188556352177e+00
6.513192030991615589e+00
6.267169101442835455e+00
6.218729847683184708e+00
2.682695365356427164e+00
3.978208788745746904e+00
5.052267319126857892e+00
5.440084559915746354e+00
5.653796260936874596e+00
6.581716166400201296e+00
5.803908361648447922e+00
6.030971894079726781e+00
5.531144780152982499e+00
4.522834999582695303e+00
4.835968291597740887e+00
4.122368564888505560e+00
-9.290600241818067762e-01
5.117219084726211342e+00
6.370549453837346832e+00
6.183484654469870279e+00
5.734529726018395834e+00
6.232754002385635594e+00
6.263302023435334931e+00
5.870873272295987100e+00
5.926898532473893866e+00
5.842806112626130144e+00
5.449288872255959149e+00
5.992264107251500604e+00
5.370127580104015586e+00
3.662062122801374109e+00
4.736943619144042827e+00
5.777915317686877827e+00
4.886364945592093889e+00
3.856699810077345525e+00
5.257341877488339144e+00
5.829120841741087133e+00
4.357176620397759770e+00
5.099556768771342341e+00
5.822850830541577594e+00
4.725822931216109524e+00
2.386868769998311102e+00
5.825574609003843385e+00
5.891198093449348860e+00
5.550832093299776560e+00
4.888687206460637036e+00
6.220623399416769672e+00
5.645114545158847363e+00
6.629385957267247775e+00
5.257354374629596094e+00
6.910674580743883411e+00
3.109410881044418318e+00
4.172949847308841775e+00
4.414504614882456934e+00
4.261407420319556216e+00
3.888489137077001168e+00
5.135430532240238932e+00
6.096710031048347744e+00
6.592808800863196872e+00
6.442914825390107403e+00
6.209155493857874575e+00
1.828565178740770625e+00
6.500899530075908928e+00
6.449367121964946215e+00
5.295156015769956426e+00
5.351686423587032948e+00
5.444034194771788293e+00
5.053480052396743361e+00
5.496176774285756572e+00
6.627987775853403818e+00
5.140636944331546943e+00
4.543559565703812808e+00
5.707464601425536799e+00
4.758201400382738200e+00
4.336170175332002330e+00
5.402710996463446769e+00
5.188158071229080903e+00
6.281213383708669440e+00
6.710645838856279077e+00
4.845311416838624652e+00
3.924292882831587725e+00
6.256397170981358613e+00
5.190691195073728892e+00
4.471558758643548792e+00
7.015414901907427669e+00
6.021445039559355727e+00
5.768622411496520108e+00
6.485393025974872216e+00
6.393439681077304648e+00
3.799501871151069743e+00
5.672237748009113290e+00
6.126134923320447179e+00
5.205678283436803611e+00
5.310580887090781133e+00
5.775759276088324512e+00
6.092012138469812044e+00
3.137659179017605382e+00
5.672001250491484292e+00
7.078608967357260084e+00
1.518202847051049131e+00
5.442785706967934622e+00
6.283422569087186105e+00
4.194618830771737805e+00
6.519806713771345130e+00
5.761313506505230109e+00
4.230176994245200106e+00
5.617592655736351581e+00
4.266374966929213919e+00
5.284964426838842044e+00
6.777490486725490371e+00
4.484927601427362021e+00
5.630504017855669119e+00
5.972384822003374616e+00
5.819232003454510860e+00
5.422788996196776345e+00
6.536936049369193036e+00
5.164853887098368901e+00
5.116109406076395416e+00
5.160484715495853969e+00
4.924846602821844055e-01
5.416369890931036046e+00
6.748407950389911036e+00
5.892661160930500408e+00
3.878768854954919298e+00
5.649127139386792784e+00
5.998091834707691916e+00
4.993779664837619592e+00
5.729762374129046876e+00
5.021366024138191442e+00
1.428186753700686262e+00
4.804142574238975172e+00
5.864847934622821057e+00
2.177712965990417970e+00
6.301991460331552553e+00
6.532155396801512026e+00
5.509808205085181321e+00
5.796682595638402269e+00
2.747544263287531319e+00
6.266937017908060348e+00
6.566789030898234181e+00
6.441673682960614933e+00
4.832120947232441566e+00
5.124374909522387611e+00
6.058015866525572335e+00
4.934534278942869889e+00
4.498026236008461964e+00
5.103374530305916146e+00
4.925876927839269115e+00
5.216483746716149561e+00
5.886890960759457059e+00
6.318578223364004209e+00
4.887442203376464178e+00
6.574929945688114508e+00
4.892476132496968333e+00
5.098728075951688865e+00
4.984647134809718771e+00
6.290644881612358574e+00
4.796225863269068412e+00
5.874227013078977322e+00
6.316148141336478616e+00
5.085942965095807011e+00
5.939546480933311834e+00
6.450010413402155862e+00
5.498962754695369881e+00
4.884908866001558714e+00
6.039298824789633535e+00
5.851640635547536107e+00
5.234739103327044063e+00
5.685817322992164691e+00
4.830220156318679514e+00
6.658542952421041328e+00
5.169454984431238742e+00
6.813979043465450580e+00
4.593270637322088845e+00
4.932503632531959781e+00
-1.847964855455123567e+00
-8.652849820928116831e-01
6.789818741300323701e+00
-1.961434360854860337e+00
5.561888207013531371e+00
5.494384982127714423e+00
5.536166737884339994e+00
5.425900354771016509e+00
4.610125630170214706e+00
6.193448915796556875e+00
6.765710058758612533e+00
6.376466189422137276e+00
5.859407188318510151e+00
6.494512867504791842e+00
5.232602087879937081e+00
5.652390287225941279e+00
5.992095401886702533e+00
6.183335313677934764e+00
6.791792904961211796e+00
5.950001566167295586e+00
4.668690802055952993e+00
4.757687768882453483e+00
2.838145811951026332e+00
5.230872144659199030e+00
5.776151566766654533e+00
6.540533827892259566e+00
5.724033703800428974e+00
4.212107889392948223e+00
6.959929652089428487e+00
6.170079206426706264e+00
6.138356829657310776e+00
5.536268256784657282e+00
4.290980872001933122e+00
5.262319983658581002e+00
5.547629065316830754e+00
4.755080789371406880e+00
6.015929716698185103e+00
4.846708015592702701e+00
6.513110815541072185e+00
4.332386765499130377e+00
6.804849692140801487e+00
5.636127069801103673e+00
5.760319995649095581e+00
5.056593431089426716e+00
5.265512134423354418e+00
4.359608690385885055e+00
4.474292912307555881e+00
6.105708676852617423e+00
5.128578933931027706e+00
5.534119863208652568e+00
4.359442101968292071e+00
6.416377378694582134e+00
5.772931679010186556e+00
7.005504004716611277e+00
6.543308331087563268e+00
5.397537907453026307e+00
6.039731411456678245e+00
4.868150582515582414e+00
3.897146149244163915e+00
4.990907413088854661e+00
4.755770084432836775e+00
5.732623036067696631e+00
4.839465826303037232e+00
5.106758949698280148e+00
-2.273343007600889365e+00
5.108560451512010658e+00
7.156842333699781733e+00
5.341330798332330154e+00
6.750560943466125785e+00
5.942753043485867082e+00
6.870390607793635418e+00
5.332447395844487126e+00
4.358651741654178124e-01
5.170525791368492996e+00
5.609660852914515772e+00
5.469294186867265317e+00
6.963868045317141764e+00
5.178766586457730803e+00
4.820997294052521198e+00
5.234003245496537282e+00
6.138738041461631489e+00
5.185775355399181663e+00
5.482486210918548153e+00
6.308180424966915112e+00
6.061491770144562530e+00
5.825366241503667553e+00
5.346412086792495799e+00
6.081374871455663467e+00
6.099868036685366590e+00
6.020754429925718298e+00
6.746236523033132038e+00
6.063102558958993527e+00
5.701079670202773286e+00
3.778564731772855012e+00
5.217756659849658973e+00
5.748798534468527954e+00
6.740663660714566241e+00
5.559358327547654355e+00
5.400250453489064739e+00
5.536214722848935565e+00
6.365507554970347925e+00
5.078962501954405795e+00
6.072303238620229138e+00
6.052465936411215885e+00
5.496013650316887933e+00
4.857274762283021907e+00
5.716067174502377668e+00
6.002812985611949870e+00
5.076936056349425463e+00
4.991907442893485758e+00
6.129519619243271933e+00
6.035033460484698686e+00
5.980890665833542563e+00
6.675370687932792535e+00
5.514337721856112040e+00
4.894964044691312743e+00
4.547521479590159288e+00
4.954997334778371787e+00
6.174085920060576882e+00
6.064105412118587779e+00
6.206748007452023153e+00
5.965074869382300804e+00
4.954601088521307872e+00
6.924347370049494188e+00
4.847821423776945693e+00
6.150983977313533302e+00
5.722083419698273943e+00
5.750407727360836496e+00
1.308539890514026416e+00
3.979376034916023208e+00
4.337516154133346902e+00
5.645069907960736266e+00
5.995535454645405160e+00
-1.498618338216459511e+00
4.445111724241279205e+00
4.251781220984346632e+00
5.377100537852255613e+00
4.497838114228362549e+00
6.970218030124994080e+00
6.638310878148688587e+00
6.318657074569177468e+00
4.558629047364349596e+00
5.722881966387122432e+00
5.607596447638966808e+00
6.788124925666299880e+00
1.495430135639956193e+00
2.542924338017065189e+00
4.423353011019940162e+00
5.577944444083981601e+00
4.511006253846346681e+00
6.480944774262731300e+00
4.981553230499455864e+00
6.161628710406693799e+00
4.920051376491776374e+00
6.094457226904312463e+00
4.808357708994721591e+00
5.700266567634721504e+00
5.583575319016611083e+00
1.394216837225149774e+00
4.707828961153643910e+00
5.704471313512779140e+00
4.913140246491079388e+00
6.642035862195933227e+00
5.156143981182514935e+00
5.999330416354569095e+00
5.629592045540596779e+00
4.965613388268571349e+00
5.365679920307430351e+00
6.587384819653962609e+00
5.402868095775053447e+00
5.225306569944675239e+00
5.275873974894587093e+00
2.234287101720967783e+00
6.671013617478706692e+00
5.280302500213838179e+00
5.397361202987239537e+00
5.415094220700124694e+00
5.530978097223766099e+00
6.436163462015755954e+00
6.878663498522907815e+00
5.120713384068057650e+00
6.822476151477651740e+00
6.149177827076911740e+00
5.471059567068350837e+00
6.560528502853765431e+00
3.323328922419063858e+00
6.075399464277342787e+00
4.598407400432316550e+00
4.417325758049167383e+00
5.117270215021877178e+00
6.610154899679418605e+00
6.007042723773408532e+00
5.263595045629965163e+00
5.426884200131083524e+00
4.588978346534730690e+00
5.813498098883407295e+00
4.531392231547170191e+00
5.279464297767965775e+00
5.399185290701900897e+00
4.450486480318375904e+00
4.881226066554270382e+00
6.246022592023109610e+00
5.095610313391309987e+00
4.892300511536053165e+00
6.810980885588820755e+00
6.308411601489845921e+00
5.375912040788408675e+00
-1.149051282496542647e+00
6.441886665726762828e+00
5.378016302658941150e+00
5.700465588143798001e+00
5.466550899268502128e+00
5.088839908143466317e+00
6.344971445278350330e+00
6.845508379522191156e+00
6.225412828296094325e+00
5.234294592069556273e+00
5.378098923899475636e+00
2.439513980459651066e-02
6.718888890217103338e+00
6.147041793182268066e+00
5.708398837925039437e+00
5.751075432334168624e+00
5.857874198750626427e+00
5.622177793259945489e+00
5.507638936504466010e+00
6.331613352775224079e+00
5.147845241645669034e+00
4.770798816682973786e+00
5.503447619480986042e+00
2.112603956597090438e+00
4.200662907925886813e+00
-2.053576928323650908e+00
5.247907401131495675e+00
6.595651680984493836e+00
4.710946420016568048e+00
5.265289521197875189e+00
6.198699223858707086e+00
5.088683801879884783e+00
6.163293809603960227e+00
5.056603445890647919e+00
5.087987515159929863e+00
4.856954647009699144e+00
6.103617821935474197e+00
4.762628167399012291e+00
6.176850102295617262e+00
3.709647119537724080e+00
2.540734988898209146e+00
6.609437285429072162e+00
5.753405674830130323e+00
6.427390192834583793e+00
6.368556488248586334e+00
5.428223801797100734e+00
5.212282373743743591e+00
6.243890898784698607e+00
5.574196527370674836e+00
6.227559691418930399e+00
4.386017062805247946e+00
4.642772914673062523e+00
5.142268635610111716e+00
6.595000283780556138e+00
6.028087470075341514e+00
5.234820148630110914e+00
5.958515360154838625e+00
4.576896107478351183e+00
5.020320184674466724e+00
5.912128156597946216e+00
5.888617092966271116e+00
5.052054229114124162e+00
6.909190769024191603e+00
3.084000900117480626e+00
6.310549082673130528e+00
6.329231668646409403e+00
5.266721923848994180e+00
6.586228528794930703e+00
6.151009871847015198e+00
5.178656204158097687e+00
5.263299551520292496e+00
5.283219211140496974e+00
5.257081877889106636e+00
5.453376554385906516e+00
6.873880222696481468e+00
1.445757252088899936e+00
5.120191674547546867e+00
2.928933766834951768e+00
4.727371498147809881e+00
5.313703879406478592e+00
4.730726333204914980e+00
6.841463488905811019e+00
2.876542358062807558e+00
5.032354922524312713e+00
6.760781194177830855e+00
6.586179258389291746e+00
6.596796325149568929e+00
5.593209494979578977e+00
5.725563916526324348e+00
5.749330388510123235e+00
5.919117163250907865e+00
4.379854151017601005e+00
5.786982410476548822e+00
4.818817884700926868e+00
3.700278069373077017e+00
6.305852686483269132e+00
5.642585242059375616e+00
5.638336098361703463e+00
6.590425226001334735e+00
5.645448847327543263e+00
6.041947032279683327e+00
3.680989814485209344e+00
4.977473513344206957e+00
5.586956901829898570e+00
5.973403958608548336e+00
5.017111167367416691e+00
6.153362325326728666e+00
3.555591240528991115e+00
6.061814063459329383e+00
5.403926457776449865e+00
6.276082662751299779e+00
6.055137218153578971e+00
5.634287350297262797e+00
2.754924372832567414e+00
5.778996354693715531e+00
4.967160029272534416e+00
5.867740504508358157e+00
5.176868008418145095e+00
6.105228216831870114e+00
5.654023977972117088e+00
4.534609736222862786e+00
4.788711965604543153e+00
3.613850017618042809e+00
5.965996781733124976e+00
4.701365746751528185e+00
6.242119335517495315e+00
4.047196422659026460e+00
6.250691044290588749e+00
5.442843381968986094e+00
5.951162059738112298e+00
5.325004487452719815e+00
6.087807770454053191e+00
5.954834341875205439e+00
4.159553938533461448e+00
5.510373168252076681e+00
5.818172543179818135e+00
4.961368305134506329e+00
5.180521023818128512e+00
4.829564969446293432e+00
6.607350863797925911e+00
5.550899106762102519e+00
3.046952328342114935e+00
2.803517446583845718e+00
5.759081196396747870e+00
5.789707205806622348e+00
5.026286414836983241e+00
5.994007792077598040e+00
5.068117610873908774e+00
-2.047682505057373703e+00
5.635612106871855431e+00
6.578197156590737116e+00
5.798224912429684963e+00
4.935797450473428327e+00
5.155827078260678320e+00
4.978616420327090175e+00
5.427670690665157949e+00
6.167951397957150306e+00
4.941678240810814415e+00
4.930747775154330270e+00
6.646264933348128956e+00
4.866126339521446909e+00
5.299703444972274191e+00
6.375929946756983213e+00
6.468426742962031462e+00
6.291138261671264331e+00
5.477307092747645711e+00
4.982365483085223978e+00
5.017264922291584384e+00
5.286649638929280748e+00
5.134144949192786633e+00
5.405855794889877330e+00
6.586589120542221565e+00
6.104610571013147968e+00
4.742302035298837204e+00
4.580736366587636610e+00
4.941581418235181822e+00
5.622994777026278257e+00
6.547764380098899828e+00
5.278533631475140098e+00
5.823299076218113157e+00
5.096101729618188969e+00
3.323511271601109929e+00
5.094955517007091039e+00
6.288300797549794652e+00
5.114198323666164114e+00
5.632763975637708143e+00
6.101288848944410148e+00
5.834120558464293005e+00
5.398881953087820484e+00
5.300792232233090040e+00
5.083334582387985634e+00
6.210614926635233068e+00
4.660525325020013376e+00
6.268919605797383277e+00
5.183826628036688255e+00
6.143527034740882797e+00
6.989751750214277415e+00
4.377682841893557608e+00
4.876723610694665645e+00
5.697872316640727242e+00
3.539005763645071134e+00
6.605493236759022224e+00
5.975622650194545749e+00
4.557125785472251778e+00
4.635707389843841675e+00
5.993635025741715694e+00
5.493068627372410972e+00
5.805364372414716811e+00
6.331971838113210183e+00
4.013908609260341542e+00
4.404455793107712402e+00
5.986911294628137981e+00
4.307523401345609848e+00
5.318330080777679214e+00
4.326653839107773791e+00
5.001248382935200354e+00
5.003672526000811693e+00
6.868558791281627052e+00
5.533566447454825621e+00
5.616268993080169025e+00
2.886788184675340485e+00
6.001648340898666945e+00
5.093524966306635982e+00
6.588700785351278455e+00
5.431153021412142401e+00
6.260575313619122007e+00
5.323510317841121164e+00
5.737844859848191703e+00
5.400813558995526620e+00
6.087125189956803517e+00
5.015573672168976316e+00
5.082225816038278055e+00
5.747606767849703147e+00
6.643331554888785462e+00
5.830617075179040043e+00
6.207321430482938496e+00
4.656607139157344477e+00
5.995481916821415957e+00
6.282839575101038854e+00
4.970257765878407064e+00
5.660563072827816455e+00
4.899960998897231690e+00
5.328980248169511214e+00
4.722518529264684517e+00
5.863724259331854149e+00
5.230866600029527191e+00
4.717687423512649580e+00
-9.577376566241613265e-01
5.648284171329597925e+00
4.475915657480629584e+00
4.581712649255319292e+00
6.114991294076628670e+00
5.075076637116406886e+00
5.752325881123359963e+00
6.480559261128984616e+00
4.542912282667496804e+00
5.142710496527248765e+00
5.303614328285098267e+00
4.969936879854776279e+00
4.767820222259834040e+00
6.392077350619566722e+00
5.712427635938598591e+00
5.558663727143616562e+00
4.402504071074414327e+00
4.848752269845191698e+00
5.950153313916635156e+00
6.788648390065036509e+00
5.742568155694462106e+00
5.993305528813680283e+00
-2.680376525818844780e+00
3.078215542786028269e+00
4.583157558923995900e+00
4.713108138907338152e+00
5.841870719579311810e+00
4.876952489188385975e+00
5.396661706355005528e+00
5.550129991210121183e+00
3.589173861362294993e+00
-2.896993150526512295e-01
5.756717548210017021e+00
6.455876519236714017e+00
6.410071303408424015e+00
6.226569742462071844e+00
5.817184018557647107e+00
4.656583441764157172e+00
5.791154962103741255e+00
4.789891462261792299e+00
5.060056510422365150e+00
5.494582063506227243e+00
5.499171796274740842e+00
4.363272677005210376e+00
5.525925874594133980e+00
4.667852793047885029e+00
5.213196795040147435e+00
5.437851440907108369e+00
3.807407959017948151e+00
5.257245078303430574e+00
6.249966917365709307e+00
5.945063329400245955e+00
5.662276805991270479e+00
5.556635701369097013e+00
5.526798603164023049e+00
5.002931410693054026e+00
5.297674573148246857e+00
5.295694624186596755e+00
6.627326013927094195e+00
5.568553478071893714e+00
6.220666667174828746e+00
6.369598737845339365e+00
5.664582896149061852e+00
6.243699824300911416e+00
4.806222961583380027e+00
6.020030109595840173e+00
4.582969330058936919e+00
4.353595601520352965e+00
5.711682260099033570e+00
5.548908726279380588e+00
4.754948181919133710e+00
4.941980345164390442e+00
6.084639665591558000e+00
5.038271294770049202e+00
6.200325688745600416e+00
5.961371149707979988e+00
4.657568979528894815e+00
5.626988194392917642e+00
6.309553409673267055e+00
5.840235086102736339e+00
6.140733467164322334e+00
5.456012859840710050e+00
5.024198147186933028e+00
4.904081351077648421e+00
6.622333902290741037e+00
4.666954232612483544e+00
5.403831863713564054e+00
5.821116745167405959e+00
5.801533116056159400e+00
6.335885805607793131e+00
5.616685638915413392e+00
5.872327921124854910e+00
6.446798709069384792e+00
4.434258684886488666e+00
6.637057513285634869e+00
6.136874763235534047e+00
4.824353095427674099e+00
5.142624058483971083e+00
4.773636838374753388e+00
5.435579260611184793e+00
6.639795692543239092e+00
6.067798780641925127e+00
4.941833059068834189e+00
6.454471602920815343e+00
5.758112415185101973e+00
6.582385666176712391e+00
6.985787844794400847e+00
5.584577832527708452e+00
4.923534556329930645e+00
6.801011789923677497e+00
3.720274984701814613e+00
5.293125151036118581e+00
5.932066379523469379e+00
6.249746714111289236e+00
5.199216528368802770e+00
5.035219056563399853e+00
6.703484557585165149e+00
5.985350356548872597e+00
5.506174982416548680e+00
5.737222555583944228e+00
4.424454525440762787e+00
6.226584319631092157e+00
4.569654440415208185e+00
4.163362550622540681e+00
4.578081942197854026e+00
4.779775635640720388e+00
4.565831362763042911e+00
5.345976059936787372e+00
5.400167851343981695e+00
6.388663403526003037e+00
5.884674534895742326e+00
4.022188742700642194e+00
4.876973211294407307e+00
5.390912616993619011e+00
4.566017464664543724e+00
4.492277071798064902e+00
5.720724494372146474e+00
6.781243489465811791e+00
4.580332608020166951e+00
-1.234258246026776140e+00
5.757514399482642986e+00
3.999634417669003739e+00
5.550917383630350699e+00
5.732444928232785841e+00
2.112760207021791015e+00
4.945023482209230714e+00
5.413148440488093627e+00
5.955171132857579153e+00
5.043421693798034511e+00
4.861311454787321296e+00
5.014408175515360000e+00
2.169695907374337818e+00
-2.602978578092510986e+00
5.624210403585287565e+00
1.113133526542189999e+00
5.091505121120012411e+00
5.250618096258122591e+00
5.503616733534219208e+00
2.218054842920974767e+00
5.655908974576981940e+00
5.048685237692609462e+00
5.787515196063103495e+00
1.222169142755165749e+00
6.111775296288390891e+00
6.821622300731124966e+00
6.402508564737894758e+00
5.703493562435425268e+00
4.291919871495310623e+00
5.686005494693315399e+00
5.806619262331562226e+00
4.701667435424357500e+00
6.101263842174585506e+00
5.103154819382425877e+00
3.985499976602292271e+00
6.163751186599569110e+00
6.637045146768675075e+00
5.651074364239729420e+00
6.080052155377156708e+00
4.582128939232177345e+00
5.113310319169023899e+00
5.557785173638343679e+00
5.111923030042347271e+00
6.146453690069535014e+00
5.445440791616043441e+00
6.148358563399508370e+00
5.841163065255588371e+00
5.657607582914129019e+00
3.111641778089033750e+00
5.731824792428693804e+00
5.966103419428598897e+00
6.287256017155118393e+00
6.039275298798331804e+00
5.261187863661246134e+00
4.864589590230956162e+00
5.975032779407233541e+00
5.384627395915922321e+00
5.967467042629968965e+00
5.865264099377770712e+00
5.873502558477130542e+00
6.367108312066090292e+00
